   11.9126    3.6046    2.2132    3.6183    3.6133    1.3383    2.8592    2.3145
    3.6046   11.9973    2.2598    3.8703    3.4470    1.1302    2.8129    2.3739
    2.2132    2.2598   10.2350    2.3279    2.0688    0.8443    2.1212    1.9002
    3.6183    3.8703    2.3279   12.6733    3.7271    1.4798    3.4537    2.5834
    3.6133    3.4470    2.0688    3.7271   11.6870    1.2719    3.1633    2.1113
    1.3383    1.1302    0.8443    1.4798    1.2719    8.7076    1.2348    0.7478
    2.8592    2.8129    2.1212    3.4537    3.1633    1.2348   11.3092    1.8151
    2.3145    2.3739    1.9002    2.5834    2.1113    0.7478    1.8151   10.3485
