173.67 31.546 37.615 35.236 33.675 32.117 35.035 33.339 30.418 34.694 35.402 34.923 36.569 32.711 32.662 31.925 31.602 34.097 34.703 32.113 35.629 35.386 33.434 35.634 34.821 34.898 32.342 33.43 35.836 35.978 32.843 34.445 37.139 35.544 33.338 34.493 32.913 33.749 31.884 34.683 34.648 36.123 32.818 34.038 34.219 35.227 34.804 34.511 35.48 32.952 33.24 32.925 30.218 31.465 34.799 36.621 35.846 31.997 34.851 33.856 31.729 30.161 33.81 32.797 33.28 31.012 31.101 35.502 35.017 34.618 31.831 37.806 40.543 30.795 31.183 34.932 34.424 33.515 34.825 32.715 33.36 32.348 34.517 34.406 29.391 35.278 34.325 30.686 30.974 34.772 35.601 36.574 33.824 33.932 32.756 33.318 32.834 31.564 30.878 32.538 31.985 33.665 34.659 37.964 32.954 34.193 35.327 35.102 37.214 34.166 38.085 32.833 33.826 37.488 31.934 32.299 29.005 34.915 35.677 36.98 33.362 33.843 33.977 38.784 33.661 37.591 32.59 35.43
31.546 167.99 35.104 31.238 31.601 30.023 32.737 30.987 29.996 31.279 32.826 32.548 33.893 30.388 30.854 29.172 31.053 31.164 32.452 30.096 31.692 31.051 32.651 31.334 31.419 34.275 30.891 32.821 31.238 33.11 28.104 31.024 34.471 32.655 30.161 31.84 29.706 32.923 29.26 32.876 29.976 31.561 32.057 33.248 32.204 32.844 33.685 33.401 31.481 30.032 31.396 30.897 29.771 29.875 32.868 35.996 34.292 30.22 31.719 29.741 29.96 28.759 29.398 30.031 31.013 29.713 28.333 31.979 31.535 31.91 30.86 35.35 34.76 28.819 31.475 32.312 29.928 28.785 34.543 28.895 30.851 31.379 32.332 30.891 29.548 31.75 32.279 30.531 29.179 32.843 31.733 31.572 31.172 32.044 31.725 31.363 32.073 31.937 29.032 30.468 30.013 31.201 32.098 31.557 33.032 31.122 32.317 32.726 33.631 30.266 33.402 29.908 29.563 35.083 31.872 31.245 25.554 33.03 33.178 32.122 30.564 30.535 30.587 34.836 31.077 33.846 31.907 33.641
37.615 35.104 179.53 37.519 35.494 35.039 37.501 35.954 32.608 38.488 38.119 36.533 38.292 36.846 34.649 34.415 34.178 35.125 39.584 33.09 37.882 36.953 34.544 35.886 35.563 38.197 33.844 34.684 34.551 39.354 33.35 34.722 39.071 37.201 35.305 36.993 33.755 35.951 33.931 37.849 37.404 36.719 34.799 35.769 37.1 37.814 37.931 40.869 38.174 34.799 36.989 34.833 32.964 33.557 37.414 40.251 37.477 32.116 37.27 35.238 33.872 31.87 37.095 35.158 36.161 30.865 35.042 36.944 36.982 37.078 33.765 40.214 41.94 34.814 35.096 36.37 34.816 33.91 36.322 35.09 37.363 36.361 37.95 35.076 33.463 35.984 33.968 33.258 34.183 36.453 36.009 39.128 35.631 36.843 35.434 35.042 37.373 33.696 34.071 33.117 33.456 34.638 38.147 36.197 36.261 36.719 37.832 36.374 35.465 34.493 37.653 35.657 35.766 40.393 33.371 34.375 30.512 36.4 38.494 39.045 34.843 36.233 36.105 38.448 35.407 37.652 35.814 38.337
35.236 31.238 37.519 172.3 31.549 32.246 32.827 32.427 30.706 33.871 33.298 33.053 36.631 31.012 31.476 30.785 32.637 31.252 35.77 30.985 33.404 34.283 31.732 32.076 32.518 34.535 31.908 32.805 33.369 33.415 30.913 32.721 35.732 33.067 31.374 33.318 30.717 33.465 29.359 35.664 31.697 34.478 30.72 33.603 34.284 34.078 34.262 36.399 34.128 33.315 34.406 31.335 29.826 30.219 35.357 35.213 33.486 30.674 35.406 33.232 30.244 29.276 35.102 33.132 31.315 30.326 28.499 33.994 34.103 35.478 30.699 36.626 37.339 29.571 31.581 33.482 30.564 31.461 31.402 32.68 33.796 33.5 32.84 31.296 28.201 33.695 30.946 29.373 28.637 36.296 33.19 33.882 32.001 35.052 32.306 33.083 33.132 32.387 31.369 31.064 32.474 32.74 34.818 33.844 33.031 34.244 34.347 33.835 33.632 33.041 35.792 29.648 32.379 35.789 31.821 32.732 29.713 34.247 34.742 36.389 31.232 31.981 32.498 36.909 29.626 36.836 29.46 33.591
33.675 31.601 35.494 31.549 168.56 29.896 31.4 32.627 27.998 33.801 33.634 33.638 35.209 31.142 29.081 29.406 30.303 30.53 31.861 29.818 33.323 32.664 30.929 32.757 31.039 32.417 29.208 31.291 31.656 34.761 29.621 29.928 34.566 31.289 29.984 31.253 31.83 30.499 27.98 33.901 32.328 32.414 30.375 32.792 30.879 31.885 34.243 33.171 30.302 28.642 31.363 31.403 29.683 30.619 32.519 33.592 31.482 28.843 30.621 31.911 28.468 29.64 31.761 30.786 31.697 27.09 30.03 33.961 32.961 32.494 30.234 35.576 36.959 27.615 32.355 33.129 30.411 30.052 33.061 29.471 31.674 30.489 31.809 32.549 28.502 32.163 30.62 29.937 29.236 32.54 31.064 33.253 30.626 31.536 30.117 29.908 32.104 29.989 29.103 27.604 29.364 31.14 32.953 32.647 31.108 30.066 31.894 31.66 32.598 28.988 34.07 29.624 31.092 34.541 29.257 30.343 27.109 31.406 33.161 32.222 30.82 31.391 31.49 34.079 31.182 33.482 31.078 32.135
32.117 30.023 35.039 32.246 29.896 169.88 33.396 29.055 28.804 31.848 33.874 32.171 33.283 31.17 29.076 26.924 29.603 31.915 32.502 30.608 33.208 32.573 29.604 30.419 31.433 31.67 30.637 31.638 30.892 32.281 30.562 30.329 32.532 32.006 30.461 32.42 31.182 31.228 27.768 32.801 30.487 31.874 32.423 32.072 31.183 32.125 31.633 33.093 31.977 29.785 30.523 29.559 29.44 32.131 30.385 33.965 31.579 29.734 32.174 29.653 28.609 28.072 32.577 30.834 30.132 25.96 28.662 31.642 33.192 33.006 30.099 33.554 36.192 31.969 28.82 32.238 29.937 29.696 31.817 30.795 32.012 29.302 30.347 29.493 27.726 33.703 31.091 27.035 28.259 33.269 30.745 32.963 32.012 33.068 30.503 32.549 31.433 28.285 30.252 29.64 28.731 27.983 33.547 33.113 31.124 30.564 31.361 34.344 31.731 29.805 34.998 31.389 31.489 32.812 28.786 31.149 28.677 31.773 33.111 32.337 30.347 29.724 30.761 35.483 30.002 33.768 31.146 32.502
35.035 32.737 37.501 32.827 31.4 33.396 171.53 32.728 30.016 31.875 36.099 34.691 35.447 31.33 33.232 30.411 32.114 33.315 34.619 31.843 33.823 34.137 33.781 33.306 31.775 35.379 31.298 33.858 33.261 35.962 30.875 33.228 33.986 34.476 33.131 32.943 32.596 32.732 31.22 34.449 34.298 34.76 32.35 32.593 33.637 36.186 33.103 33.963 34.706 32.346 32.753 33.659 32.906 31.538 34.2 35.881 35.153 30.216 35.142 30.197 31.279 29.548 33.765 31.438 31.653 29.645 31.014 33.393 33.854 31.824 30.539 36.87 39.029 32.651 32.719 35.151 32.897 31.615 33.661 31.474 31.563 31.539 34.966 32.271 30.523 35.012 32.64 30.06 30.99 31.915 34.111 35.319 33.856 32.469 32.724 33.162 33.055 31.773 31.439 31.597 30.309 31.246 34.259 35.842 33.319 33.564 34.089 36.387 34.522 32.913 34.757 32.845 32.19 37.134 31.881 32.974 30.029 33.878 34.987 35.581 33.119 31.931 33.705 36.376 33.464 34.307 30.194 35.464
33.339 30.987 35.954 32.427 32.627 29.055 32.728 170.93 27.921 32.273 35.392 32.05 35.856 31.648 30.225 30.613 32.258 31.999 32.574 30.125 34.922 34.646 32.167 32.798 31.734 33.976 29.371 31.735 31.979 35.395 28.823 30.826 31.901 30.875 28.656 32.383 29.92 31.629 28.339 34.906 31.195 32.156 30.984 33.025 32.883 34.277 33.96 35.213 31.694 31.107 30.867 31.163 32.093 30.52 33.539 35.3 33.7 27.346 33.172 30.273 31.782 28.172 32.503 31.539 34.604 26.697 28.982 33.03 31.318 32.273 29.915 34.676 37.457 29.55 29.987 32.051 31.243 29.312 33.188 29.79 32.307 31.554 31.995 33.555 28.602 34.67 32.235 28.654 30.365 32.902 31.345 33.52 31.466 31.829 32.621 31.738 32.97 29.962 28.634 28.314 28.992 33.684 33.284 32.505 32.711 33.089 30.572 32.589 33.511 32.104 32.378 29.726 30.797 36.502 30.985 30.084 28.992 31.788 32.814 34.106 31.222 32.274 31.268 33.292 29.865 34.097 29.829 33.591
30.418 29.996 32.608 30.706 27.998 28.804 30.016 27.921 165.82 28.447 31.22 30.41 30.537 27.528 29.962 28.251 27.867 31.223 32.445 26.687 31.066 28.448 28.765 30.027 28.517 31.526 25.302 30.832 31.732 30.586 28.767 28.065 33.677 30.246 28.752 31.266 29.199 29.548 27.181 30.983 30.254 31.693 28.666 30.675 29.802 31.299 29.53 30.486 30.514 27.972 29.008 28.644 27.069 28.572 29.119 33.304 32.776 26.293 30.287 28.736 30.461 27.116 30.929 29.223 30.383 26.084 28.098 27.171 29.566 30.974 29 34.256 34.232 26.676 28.339 30.515 28.466 27.838 28.982 28.574 30.456 28.785 30.14 28.56 27.502 30.395 29.209 26.079 28.234 30.784 30.818 31.478 28.067 29.521 30.313 29.081 29.189 28.792 27.459 28.689 27.736 27.299 31.622 30.527 30.147 30.45 31.288 29.555 31.439 28.963 31.061 27.14 28.099 32.023 26.143 28.637 26.789 31.035 32.598 30.729 27.901 30.664 30.057 34.874 28.686 32.354 28.688 31.448
34.694 31.279 38.488 33.871 33.801 31.848 31.875 32.273 28.447 171.5 34.796 35.137 36.807 31.091 30.364 30.177 29.742 31.768 35.598 32.153 34.28 32.646 32.404 31.579 34.355 33.878 31.788 34.112 34.592 34.661 31.635 30.514 35.566 31.355 32.271 33.791 30.207 32.055 29.868 35.456 33.797 32.887 32.503 33.166 32.712 34.858 35.106 35.124 32.372 31.789 33.449 30.944 30.765 32.156 34.668 33.804 32.36 29.245 32.794 32.726 31.202 28.751 32.845 33.927 33.481 29.381 30.768 33.902 34.502 33.777 30.42 36.2 38.255 30.846 31.137 32.208 32.732 30.739 33.089 29.145 34.387 32.292 32.821 32.518 30.374 32.351 32.013 30.035 29.802 33.785 32.829 36.12 32.235 33.412 30.531 30.627 35.219 30.167 31.495 30.117 32.591 31.4 34.048 34.321 32.553 33.953 33.702 34.465 32.965 32.102 34.75 32.483 31.436 35.111 31.926 32.18 27.48 32.217 35.13 36.459 30.906 32.525 33.324 34.589 31.923 32.811 31.596 33.877
35.402 32.826 38.119 33.298 33.634 33.874 36.099 35.392 31.22 34.796 174.48 35.708 36.872 33.293 32.503 31.994 32.281 33.568 36.218 33.002 36.67 35.166 33.073 33.629 35.092 36.177 31.546 35.295 35.086 35.658 33.364 31.787 36.214 34.322 32.219 34.204 33.659 33.184 32.415 37.173 34.338 34.73 32.972 34.387 35.479 37.268 36.637 35.896 33.391 33.131 32.969 31.411 32.164 34.261 35.667 38.427 36.944 31.032 33.964 33.588 32.589 29.623 33.813 32.507 33.128 28.03 32.981 34.003 35.433 35.069 31.111 36.898 40.845 32.144 34.174 35.002 34.396 33.751 34.475 32.912 33.352 33.39 35.389 33.154 31.581 36.902 33.687 32.064 31.943 34.254 35.733 36.609 34.28 34.09 31.997 31.795 35.916 32.779 30.986 31.192 31.749 32.681 36.404 35.613 33.378 35.104 34.292 35.042 35.324 32.572 35.355 33.266 35.213 38.652 31.932 33.014 29.253 34.467 35.431 37.021 32.888 33.056 34.721 37.592 33.822 35.823 33.416 36.039
34.923 32.548 36.533 33.053 33.638 32.171 34.691 32.05 30.41 35.137 35.708 172.68 35.612 30.775 31.955 29.322 31.779 32.12 34.58 32.926 35.239 35.121 32.753 34.234 33.303 34.997 31.274 34.57 34.865 36.247 31.238 34.123 35.203 34.658 30.55 32.785 30.702 32.964 30.998 34.882 33.029 34.326 32.058 34.28 34.219 36.927 34.918 34.472 34.034 32.151 33.007 32.856 32.617 32.316 35.408 35.256 33.774 31.642 34.298 33.804 30.936 29.994 34.703 33.907 34.18 30.429 33.229 34.258 35.104 34.224 32.479 38.91 39.206 31.462 32.753 35.841 32.713 31.87 34.458 31.967 34.5 32.736 34.114 33.808 30.078 34.077 32.612 30.533 31.382 35.46 34.458 35.069 34.66 32.633 31.806 31.618 35.082 32.952 30.946 31.005 31.235 30.803 34.105 36.434 34.731 34.757 34.945 35.725 34.252 33.7 36.497 32.518 32.956 36.867 31.021 32.715 29.485 35.101 37.359 36.899 32.251 33.677 32.803 38.312 31.82 35.607 34.055 34.711
36.569 33.893 38.292 36.631 35.209 33.283 35.447 35.856 30.537 36.807 36.872 35.612 175.57 33.853 33.78 32.417 33.831 34.685 37.126 33.661 37.238 34.834 35.387 35.476 35.525 36.83 32.641 34.637 35.884 35.424 32.67 33.18 37.039 33.909 32.525 34.995 34.239 36.468 32.189 36.141 34.289 36.525 34.738 34.848 35.145 36.874 37.145 37.946 36.809 32.346 35.904 34.177 32.352 33.211 37.695 38.638 36.197 31.62 36.38 35.954 33.412 30.899 35.31 33.836 34.706 31.377 32.111 36.222 35.998 35.046 31.978 39.187 40.569 32.188 32.291 35.331 33.581 33.285 37.566 32.849 36.505 35.517 35.253 36.106 32.456 35.702 34.858 32.622 31.446 36.343 33.832 36.713 35.095 36.561 31.682 32.887 35.336 33.532 32.309 31.691 33.602 33.495 37.156 35.674 34.495 36.236 36.437 36.552 36.407 35.153 36.734 33.563 34.586 37.876 33.224 34.925 29.572 34.82 37.903 37.855 31.693 34.327 35.461 39.368 33.094 36.829 34.08 36.2
32.711 30.388 36.846 31.012 31.142 31.17 31.33 31.648 27.528 31.091 33.293 30.775 33.853 168.96 29.289 27.597 29.101 30.67 32.81 29.188 31.998 31.961 29.984 30.438 29.863 33.986 29.01 29.873 31.081 31.589 28.761 30.102 32.574 30.784 29.804 30.671 31.058 31.248 30.288 33.029 30.641 32.1 29.94 31.188 32.474 31.745 31.303 32.744 31.252 28.417 31.113 29.854 28.36 29.422 31.253 35.302 33.092 28.264 30.781 31.965 28.841 27.138 29.848 28.193 29.56 26.903 29.655 32.449 32.338 31.064 29.255 34.32 35.967 28.168 29.579 31.172 27.956 29.305 30.851 29.137 31.329 31.33 31.284 30.032 27.148 32.231 30.035 28.337 28.297 31.515 30.597 31.829 30.783 32.796 29.567 32.117 33.79 27.283 29.151 27.226 31.448 29.828 33.386 32.304 30.542 30.924 31.632 32.507 31.394 30.866 32.994 30.484 29.979 36.606 27.79 29.751 27.278 30.524 33.089 33.338 29.06 31.324 30.685 33.22 28.4 32.489 30.004 31.888
32.662 30.854 34.649 31.476 29.081 29.076 33.232 30.225 29.962 30.364 32.503 31.955 33.78 29.289 168.08 27.243 27.801 29.793 31.758 28.186 31.056 30.635 29.597 30.383 30.518 32.096 27.808 30.07 29.836 32.87 29.847 30.95 33.365 31.195 31.521 30.471 28.752 31.69 28.156 32.291 29.472 31.169 30.081 32.369 32.975 31.883 31.142 33.72 31.636 29.532 31.278 30.389 28.525 29.12 31.917 33.259 32.637 27.626 30.72 29.396 30.125 26.913 28.79 30.292 29.425 27.934 30.138 29.141 32.103 30.885 28.556 35.379 34.481 27.666 28.678 32.229 28.945 29.009 32.431 27.371 32.305 29.566 30.481 31.432 27.516 31.581 27.406 28.548 30.209 30.839 31.757 30.961 29.449 29.491 29.569 28.908 30.519 30.468 30.63 29.809 28.832 30.707 29.753 33.077 30.996 30.764 32.218 32.118 31.571 30.644 33.83 29.893 30.122 36.187 28.906 29.231 26.641 32.012 32.908 33.748 29.954 30.861 29.356 34.746 29.585 33.178 30.509 32.785
31.925 29.172 34.415 30.785 29.406 26.924 30.411 30.613 28.251 30.177 31.994 29.322 32.417 27.597 27.243 166.29 27.635 28.809 31.733 29.039 30.512 30.569 29.143 30.761 30.213 30.727 26.197 28.927 31.757 30.085 27.664 30.579 32.973 29.824 27.427 30.26 28.151 30.201 27.997 31.929 29.865 32.343 27.33 28.731 29.252 30.314 32.606 30.464 31.065 28.863 29.247 28.244 28.737 27.78 30.673 33.667 32.135 25.872 30.586 28.659 28.021 26.463 29.313 28.996 29.817 26.93 27.016 30.361 30.154 31.032 29.652 33.021 33.793 26.458 28.664 29.451 28.605 26.782 30.28 29.035 28.986 27.345 31.034 28.445 27.204 33.009 30.007 26.71 29.027 29.974 30.699 32.597 29.484 31.228 29.802 28.656 29.503 29.406 28.547 28.396 26.815 30.736 30.556 28.949 30.25 31.068 29.645 30.087 32.739 28.781 30.459 27.002 29.121 32.508 27.839 30.674 25.585 31.017 30.778 31.934 27.093 29.704 28.888 34.052 28.337 32.221 28.117 30.271
31.602 31.053 34.178 32.637 30.303 29.603 32.114 32.258 27.867 29.742 32.281 31.779 33.831 29.101 27.801 27.635 166.87 30.152 31.897 29.597 32.256 31.948 31.117 30.361 30.492 31.59 27.762 30.197 30.913 32.095 28.399 30.637 31.709 30.865 27.573 31.242 29.582 30.677 28.078 32.593 31.808 31.896 28.192 29.686 32.816 31.027 32.797 32.616 32.444 29.978 30.635 30.346 29.15 28.818 32.718 35.182 32.152 27.593 32.104 30.595 29.951 29.521 30.868 28.708 30.913 27.31 27.844 32.61 30.204 31.911 29.315 34.597 34.047 28.188 28.875 31.656 29.032 29.58 31.417 29.314 30.996 30.931 31.766 29.772 26.691 30.318 30.912 28.859 27.62 31.821 28.819 30.934 30.36 30.343 30.134 31.292 28.913 28.446 28.169 29.035 30.728 29.339 33.365 32.243 30.211 30.514 29.908 32.056 30.716 32.427 29.679 29.068 30.303 33.384 30.319 31.603 26.808 31.585 33.078 32.609 28.869 30.973 32.279 34.679 29.894 33.705 30.087 31.416
34.097 31.164 35.125 31.252 30.53 31.915 33.315 31.999 31.223 31.768 33.568 32.12 34.685 30.67 29.793 28.809 30.152 169.66 35.477 30.564 33.599 33.605 32.631 31.999 31.105 35.014 30.41 32.756 33.408 34.972 30.506 31.13 33.204 32.379 30.274 33.076 31.984 32.488 30.125 32.335 33.963 33.736 31.46 32.759 32.635 34.24 32.85 33.595 33.006 30.888 31.527 29.841 32.196 31.431 33.323 33.114 34.203 28.11 33.522 30.694 31.352 28.357 32.038 31.172 31.576 28.897 30 32.639 34.084 33.132 30.3 34.631 39.318 28.584 29.469 32.399 31.201 29.456 33.469 29.704 32.206 30.93 30.91 31.208 29.05 31.669 32.665 29.442 29.529 32.689 32.576 33.4 33.318 32.712 31.356 32.168 32.637 30.911 29.256 31.074 30.257 30.745 34.013 33.124 32.34 32.715 33.113 35.169 33.31 31.437 33.156 30.846 31.459 34.411 31.032 32.256 28.8 32.443 35.004 34.551 31.401 31.803 32.351 37.288 30.841 34.851 33.305 33.241
34.703 32.452 39.584 35.77 31.861 32.502 34.619 32.574 32.445 35.598 36.218 34.58 37.126 32.81 31.758 31.733 31.897 35.477 174.56 32.196 34.117 33.092 32.644 32.817 33.399 37.863 31.321 34.612 36.302 35.769 32.323 32.491 36.614 32.458 32.892 34.542 32.138 33.842 32.716 34.633 34.576 37.11 32.549 33.907 34.956 36.983 35.394 35.299 34.521 33.34 35.971 32.468 34.213 32.468 36.129 38.187 35.174 32.739 34.996 33.828 34.036 29.375 33.659 32.589 33.147 30.551 31.51 33.804 34.588 35.575 31.559 37.007 40.91 30.245 32.598 35.034 31.277 34.008 34.124 31.628 33.861 34.574 35.036 32.842 31.538 35.11 34.122 30.683 31.236 33.403 35.656 36.437 34.713 34.691 32.132 35.183 33.444 31.1 32.449 31.797 33.532 34.296 36.853 34.538 33.419 36.442 34.539 36.146 33.495 34.143 35.8 32.175 34.648 36.908 31.923 32.891 29.817 33.643 35.931 37.377 31.544 33.44 34.591 36.854 32.786 36.027 34.119 36.609
32.113 30.096 33.09 30.985 29.818 30.608 31.843 30.125 26.687 32.153 33.002 32.926 33.661 29.188 28.186 29.039 29.597 30.564 32.196 168.16 31.333 29.672 32.159 30.596 30.387 35.04 29.497 30.845 31.364 31.989 28.419 30.232 31.47 30.117 28.124 30.266 29.247 29.695 29.093 32.731 30.379 30.69 31.248 29.935 31.999 33.094 33.933 31.336 30.434 29.521 29.788 29.283 30.703 28.855 33.146 34.28 31.037 28.02 32.751 31.136 28.757 27.13 30.23 29.38 31.286 28.789 27.662 32.122 30.788 32.569 29.792 31.484 34.472 27.563 28.215 30.861 30.963 27.716 30.552 28.017 31.697 28.4 29.996 29.867 28.418 31.832 30.864 28.265 28.13 29.923 30.493 32.134 30.585 31.046 30.747 30.066 32.2 30.14 29.671 29.534 29.877 29.626 32.137 31.161 30.181 32.681 30.273 32.295 31.675 30.968 31.119 29.882 30.546 33.889 28.728 29.475 27.542 31.604 33.811 32.878 28.98 29.656 29.436 35.107 28.485 31.501 29.433 31.217
35.629 31.692 37.882 33.404 33.323 33.208 33.823 34.922 31.066 34.28 36.67 35.239 37.238 31.998 31.056 30.512 32.256 33.599 34.117 31.333 172.43 33.866 33.033 34.339 35.2 35.386 31.811 33.058 34.148 35.954 33.237 32.792 35.583 33.972 32.232 33.568 32.023 34.39 30.178 34.498 34.234 33.154 34.584 33.936 35.274 36.572 35.775 36.073 35.339 33.492 34.255 33.235 33.266 31.96 35.49 37.862 34.891 28.693 35.676 31.971 32.276 29.857 35.945 32.817 34.849 29.501 31.569 33.936 33.975 34.049 31.511 38.671 39.96 31.36 31.381 33.987 33.712 31.522 34.14 32.298 33.993 30.91 32.401 32.623 31.221 35.401 34.735 29.61 32.752 34.071 33.031 35.934 33.746 35.142 32.817 32.371 34.465 32.662 31.021 31.205 32.13 33.812 35.918 35.287 33.451 34.286 34.448 36.021 34.701 32.046 34.514 33.001 33.843 37.737 31.097 32.463 29.764 33.603 36.606 35.601 31.766 33.588 33.807 38.423 33.108 35.729 33.281 35.578
35.386 31.051 36.953 34.283 32.664 32.573 34.137 34.646 28.448 32.646 35.166 35.121 34.834 31.961 30.635 30.569 31.948 33.605 33.092 29.672 33.866 172.64 32.204 33.839 31.345 34.85 31.704 31.167 34.454 34.451 30.313 31.96 35.354 33.786 31.124 32.461 33.105 31.398 28.836 36.064 31.742 33.624 30.51 35.034 32.603 34.463 34.219 35.161 34.071 30.402 32.643 31.455 30.775 31.958 32.953 34.237 34.29 29.247 34.26 30.691 31.246 26.716 34.077 31.102 32.96 28.178 30.32 33.712 33.786 32.693 30.791 35.611 39.362 29.671 31.157 34.444 33.132 31.352 34.208 31.976 32.588 31.341 32.859 32.128 28.096 33.672 31.208 29.312 30.803 35.098 32.758 34.876 34.281 33.96 32.92 32.914 32.835 30.636 30.285 29.786 30.841 31.603 31.986 35.12 33.013 31.868 32.338 33.76 33.049 32.672 36.14 30.19 29.848 34.976 29.088 33.005 28.441 32.163 36.596 34.983 33.208 32.946 31.923 35.138 31.754 36.254 31.605 33.936
33.434 32.651 34.544 31.732 30.929 29.604 33.781 32.167 28.765 32.404 33.073 32.753 35.387 29.984 29.597 29.143 31.117 32.631 32.644 32.159 33.033 32.204 170.66 33.407 30.507 34.242 30.353 31.841 32.941 34.196 30.915 32.027 34.47 33.081 30.186 33.261 30.972 31.79 30.086 32.964 32.15 33.279 33.453 31.682 32.054 32.948 32.973 33.403 33.405 31.279 28.751 30.555 31.937 30.746 33.375 34.614 33.55 28.201 31.682 30.282 31.972 27.825 32.239 31.797 31.484 29.834 30.095 33.085 31.904 33.495 29.304 34.23 36.091 29.039 29.472 32.232 31.161 29.386 33.609 31.143 31.785 30.836 32.222 30.305 30.202 33.996 31.91 29.547 27.706 34.039 31.656 33.001 32.262 32.187 31.273 31.779 32.301 30.07 30.732 30.718 31.039 31.504 32.498 34.231 31.706 31.022 32.938 32.995 33.485 32.416 32.279 31.706 31.603 34.801 30.416 31.143 28.04 33.636 33.66 32.229 29.789 31.654 32.116 35.118 31.966 35.333 30.079 32.742
35.634 31.334 35.886 32.076 32.757 30.419 33.306 32.798 30.027 31.579 33.629 34.234 35.476 30.438 30.383 30.761 30.361 31.999 32.817 30.596 34.339 33.839 33.407 170.42 31.242 34.011 29.656 30.755 33.922 35.138 30.412 32.162 34.733 32.863 29.202 32.522 31.592 33.004 30.483 33.558 30.8 33.13 31.867 31.701 31.73 34.066 33.992 32.168 32.701 30.469 33.112 33.645 30.863 30.169 32.466 35.979 35.582 28.679 32.547 31.435 30.429 28.997 33.459 31.073 33.246 28.226 30.253 33.094 31.519 32.648 30.125 35.383 37.06 28.225 32.097 33.247 33.749 29.133 34.537 29.749 32.088 31.753 33.64 33.604 28.407 35.364 30.517 29.563 30.128 32.301 32.401 33.503 30.858 32.544 32.458 31.95 33.208 32.403 29.986 30.613 31.368 30.624 33.157 35.404 30.973 31.088 33.761 32.949 34.447 31.114 34.866 30.564 31.337 33.913 28.946 31.605 27.368 33.173 35.47 33.25 30.173 32.873 32.796 36.432 30.325 33.798 31.875 32.918
34.821 31.419 35.563 32.518 31.039 31.433 31.775 31.734 28.517 34.355 35.092 33.303 35.525 29.863 30.518 30.213 30.492 31.105 33.399 30.387 35.2 31.345 30.507 31.242 169.99 34.37 30.461 33.145 33.746 34.258 30.127 30.87 33.229 31.063 30.173 32.44 31.122 30.764 30.093 33.098 32.115 32.911 32.7 31.849 32.057 33.128 34.982 33.194 32.909 32.581 33.374 29.923 27.842 31.762 35.142 35.214 33.699 30.052 33.26 32.652 29.747 29.649 33.406 30.576 32.911 28.545 30.445 32.215 32.98 32.653 29.692 37.978 37.685 28.598 29.203 32.161 32.016 31.271 33.298 31.045 31.798 32.257 31.708 31.763 28.171 32.969 33.005 29.184 28.939 33.098 33.412 34.831 32.067 31.833 30.023 30.598 33.597 30.157 30.212 31.082 30.527 31.364 33.83 33.646 31.68 33.1 31.957 34.895 34.561 30.255 35.091 30.145 33.579 35.249 32.558 31.305 28.37 32.858 35.569 35.809 29.837 33.323 33.148 35.61 30.131 34.72 32.176 34.269
34.898 34.275 38.197 34.535 32.417 31.67 35.379 33.976 31.526 33.878 36.177 34.997 36.83 33.986 32.096 30.727 31.59 35.014 37.863 35.04 35.386 34.85 34.242 34.011 34.37 174.46 33.239 34.556 33.908 36.291 31.48 34.533 35.151 31.872 31.999 33.821 34.501 33.648 33.154 35.439 34.048 34.058 32.474 34.062 34.046 36.213 33.963 36.061 34.967 32.702 36.286 33.593 32.899 31.373 37.174 37.843 36.101 31.455 37.032 33.623 32.948 29.476 33.661 30.944 33.258 30.258 30.508 34.396 35.018 33.516 32.432 36.044 39.476 29.973 32.669 33.891 33.631 31.87 34.794 31.751 33.351 32.706 34.386 32.512 29.264 34.35 35.03 30.85 32.078 34.897 33.017 36.186 34.617 34.553 33.365 33.108 35.986 33.372 32.179 32.431 33.308 33.628 36.336 35.366 33.1 34.733 34.165 35.007 34.77 33.184 35.079 30.528 33.193 37.464 32.174 33.356 29.947 34.675 38.139 35.673 31.534 32.302 34.151 37.465 30.844 36.64 34.501 35.102
32.342 30.891 33.844 31.908 29.208 30.637 31.298 29.371 25.302 31.788 31.546 31.274 32.641 29.01 27.808 26.197 27.762 30.41 31.321 29.497 31.811 31.704 30.353 29.656 30.461 33.239 167.95 30.797 30.918 30.593 26.767 31.963 30.582 30.416 27.95 29.866 27.961 31.291 27.053 31.981 27.883 29.732 30.549 31.6 32.349 31.048 31.973 32.864 31.731 28.935 30.194 31.289 29.484 28.498 31.913 32.901 30.83 27.184 32.621 28.474 29.63 25.818 30.13 29.186 28.74 27.992 27.777 31.259 30.626 30.934 27.473 33.436 34.691 28.74 26.694 29.75 30.979 28.251 31.388 28.809 29.86 28.566 29.674 29.725 26.169 32.274 32.939 27.233 27.482 34.319 29.614 32.155 30.998 33.425 29.558 31.923 30.948 28.503 29.939 28.412 28.927 28.989 30.958 32.134 29.738 31.06 31.096 31.703 31.329 29.142 32.487 29.464 28.953 33.113 31.194 30.243 25.61 29.819 32.63 32.354 29.442 27.846 30.137 32.441 29.214 33.343 29.85 32.47
33.43 32.821 34.684 32.805 31.291 31.638 33.858 31.735 30.832 34.112 35.295 34.57 34.637 29.873 30.07 28.927 30.197 32.756 34.612 30.845 33.058 31.167 31.841 30.755 33.145 34.556 30.797 171.8 33.266 35.08 31.969 31.819 35.055 31.523 29.289 33.475 31.941 32.44 30.592 34.454 32.861 33.53 33.297 34.348 34.133 34.378 33.202 33.139 32.68 31.527 32.302 30.406 29.676 30.376 34.52 34.327 33.036 29.576 32.074 31.558 31.078 29.318 31.017 30.418 32.896 29.468 29.883 32.506 34.291 33.878 32.289 38.749 39.447 31.147 29.367 33.965 30.304 29.676 32.035 31.705 32.179 31.265 31.684 31.462 29.95 31.628 31.359 28.557 30.02 33.241 32.246 34.164 33.684 32.136 32.018 31.421 33.528 31.131 31.243 30.25 30.053 30.582 33.944 35.701 31.106 33.456 34.477 33.917 32.916 30.533 34.299 31.149 30.434 36.148 30.441 30.036 28.829 31.488 33.84 35.519 32.446 31.233 34.403 36.43 29.394 34.736 32.019 34.26
35.836 31.238 34.551 33.369 31.656 30.892 33.261 31.979 31.732 34.592 35.086 34.865 35.884 31.081 29.836 31.757 30.913 33.408 36.302 31.364 34.148 34.454 32.941 33.922 33.746 33.908 30.918 33.266 173.31 34.553 32.011 31.605 35.924 33.532 31.112 34.302 32.188 33.114 30.081 33.354 33.579 36.58 31.689 33.558 33.34 34.647 34.519 32.104 35.068 31.759 31.744 32.231 31.54 32.463 34.37 36.396 35.899 29.867 34.166 32.816 30.533 29.845 34.311 32.162 32.855 29.876 31.789 32.208 33.669 34.753 30.565 35.714 37.905 30.385 30.266 35.535 32.319 31.019 34.121 31.218 33.918 31.62 32.83 32.11 31.785 35.663 32.849 31.993 30.426 34.149 34.25 36.57 33.537 33.887 31.802 33.08 33.756 31.077 29.34 32.013 33.447 31.215 34.144 35.088 33.632 33.117 34.363 34.677 35.03 33.697 37.298 30.664 33.005 36.411 30.008 31.7 28.953 31.797 36.037 34.564 31.245 32.994 36.216 37.359 31.306 34.97 33.421 35.751
35.978 33.11 39.354 33.415 34.761 32.281 35.962 35.395 30.586 34.661 35.658 36.247 35.424 31.589 32.87 30.085 32.095 34.972 35.769 31.989 35.954 34.451 34.196 35.138 34.258 36.291 30.593 35.08 34.553 175.49 32.288 31.931 36.44 33.104 30.554 33.578 32.925 32.728 30.881 34.925 35.044 34.21 32.718 35.294 33.286 34.56 34.202 36.745 34.321 33.11 32.497 33.086 33.925 30.292 35.168 35.648 36.41 31.65 35.555 34.199 32.468 30.061 37.901 32.597 35.328 29.219 31.915 34.86 34.792 34.017 30.165 36.72 40.748 32.228 32.015 36.16 33.395 32.985 36.51 32.642 33.648 32.969 33.743 35.862 31.591 35.755 33.691 31.45 31.921 33.998 34.24 36.388 34.022 35.362 33.918 32.742 33.832 31.386 32.123 33.16 31.141 33.724 35.683 36.509 33.401 35.313 33.223 37.275 34.561 32.09 37.079 34.601 32.772 38.567 34.736 32.829 29.725 32.921 36.359 36.574 33.546 35.339 34.595 38.648 32.712 36.373 34.523 35.688
32.843 28.104 33.35 30.913 29.621 30.562 30.875 28.823 28.767 31.635 33.364 31.238 32.67 28.761 29.847 27.664 28.399 30.506 32.323 28.419 33.237 30.313 30.915 30.412 30.127 31.48 26.767 31.969 32.011 32.288 168.87 29.791 33.568 30.937 28.576 31.875 29.473 31.179 27.497 32.394 32.821 31.917 29.633 31.663 28.934 30.801 33.452 32.807 31.412 28.964 31.616 27.588 27.921 28.625 31.072 33.33 30.925 27.847 29.606 29.895 29.981 27.504 31.27 29.132 29.445 28.386 29.217 31.888 30.585 31.139 28.167 33.795 37.031 27.813 29.323 33.277 30.526 29.569 31.645 28.796 31.396 28.537 31.962 29.25 26.527 32.152 28.696 26.412 27.345 30.442 30.294 32.035 31.137 30.833 29.727 29.057 31.121 28.378 30.518 29.615 31.254 29.645 33.112 32.119 30.592 30.849 30.579 31.28 29.808 30.206 31.667 29.777 30.719 32.495 27.541 29.77 26.604 30.575 32.94 32.895 26.595 30.78 30.7 34.002 28.898 32.833 28.642 30.871
34.445 31.024 34.722 32.721 29.928 30.329 33.228 30.826 28.065 30.514 31.787 34.123 33.18 30.102 30.95 30.579 30.637 31.13 32.491 30.232 32.792 31.96 32.027 32.162 30.87 34.533 31.963 31.819 31.605 31.931 29.791 171.3 34.483 32.032 27.985 32.007 31.307 31.923 29.574 31.162 32.642 31.833 29.979 31.873 33.072 33.48 34.532 32.747 33.07 31.854 31.37 32.815 29.726 29.712 33.205 35.351 32.269 27.292 32.5 30.295 30.942 28.161 29.623 31.519 32.122 29.616 28.866 34.094 31.96 32.917 30.561 35.278 36.133 29.321 29.344 31.42 30.716 29.16 32.471 29.847 32.541 30.214 30.773 30.382 27.423 33.341 32.067 27.811 31.237 33.574 32.897 34.069 31.65 32.558 30.006 31.154 30.98 32.043 32.747 30.463 30.154 31.133 33.512 34.128 32.124 32.578 33.35 33.274 32.931 31.279 32.755 29.647 31.711 35.464 30.849 31.848 27.28 33.469 34.304 32.988 29.175 31.615 30.198 36.751 29.857 34.132 32.325 30.946
37.139 34.471 39.071 35.732 34.566 32.532 33.986 31.901 33.677 35.566 36.214 35.203 37.039 32.574 33.365 32.973 31.709 33.204 36.614 31.47 35.583 35.354 34.47 34.733 33.229 35.151 30.582 35.055 35.924 36.44 33.568 34.483 175.8 34.37 33.274 36.057 32.633 32.972 32.076 37.076 34.474 35.02 31.687 34.164 35.165 36.086 36.099 36.323 35.238 32.113 33.944 35.166 31.355 32.114 34.283 37.839 36.002 30.869 33.652 32.479 33.126 30.056 34.728 33.265 34.5 31.032 32.709 33.646 34.988 35.721 31.708 38.785 40.524 30.176 32.728 36.071 31.923 32.932 34.461 33.473 34.706 32.193 34.02 33.936 32.152 34 33.851 29.893 32.675 36.203 36.247 36.08 33.585 34.91 31.954 32.09 33.727 32.752 32.535 32.105 32.785 32.47 34.837 36.478 32.119 33.443 35.23 34.477 34.744 32.597 35.687 32.291 32.626 38.765 32.421 33.349 26.508 34.953 36.786 34.823 34.483 34.115 33.744 39.823 34.624 38.157 34.745 35.047
35.544 32.655 37.201 33.067 31.289 32.006 34.476 30.875 30.246 31.355 34.322 34.658 33.909 30.784 31.195 29.824 30.865 32.379 32.458 30.117 33.972 33.786 33.081 32.863 31.063 31.872 30.416 31.523 33.532 33.104 30.937 32.032 34.37 171.89 32.148 32.681 29.597 33.53 28.938 33.555 32.667 34.764 32.85 35.024 33.001 32.944 35.786 33.17 33.077 32.497 31.113 31.084 30.592 29.594 33.415 35.026 34.246 28.644 32.801 31.345 29.171 30.466 33.677 32.56 30.386 30.193 31.306 34.065 33.991 32.276 31.193 36.619 38.306 30.962 31.562 34.776 31.146 32.602 33.851 30.801 32.799 32.355 32.924 30.934 30.186 33.037 30.751 29.045 30.345 32.427 32.963 33.426 31.903 30.81 33.653 31.283 31.94 31.685 29.812 30.268 29.649 31.566 32.678 34.053 33.505 30.931 33.559 34.017 35.379 32.323 35.154 31.301 31.948 36.658 31.085 30.644 26.697 33.137 33.774 33.939 32.56 31.53 30.713 35.792 31.705 37.236 30.601 34.904
33.338 30.161 35.305 31.374 29.984 30.461 33.131 28.656 28.752 32.271 32.219 30.55 32.525 29.804 31.521 27.427 27.573 30.274 32.892 28.124 32.232 31.124 30.186 29.202 30.173 31.999 27.95 29.289 31.112 30.554 28.576 27.985 33.274 32.148 168.82 30.799 30.229 29.349 29.118 33.811 32.204 32.552 31.569 30.355 30.87 32.862 31.379 31.672 32.552 29.974 31.148 29.987 28.286 29.41 31.867 32.998 31.941 28.973 31.509 28.374 29.071 26.21 30.347 29.406 29.498 27.201 28.997 29.749 31.812 31.631 28.323 34.145 37.084 26.176 29.057 32.372 30.177 29.499 29.505 27.885 28.698 28.849 30.949 29.856 29.912 30.824 30.063 28.308 26.93 28.85 31.788 32.793 29.678 29.313 30.459 30.34 32.195 29.111 29.198 29.118 29.468 29.529 30.499 32.612 29.92 29.769 32.435 34.626 32.558 29.503 33.109 29.205 29.557 32.475 27.634 30.055 24.912 31.391 33.124 31.851 30.726 29.339 30.253 33.695 31.885 33.314 29.619 32.123
34.493 31.84 36.993 33.318 31.253 32.42 32.943 32.383 31.266 33.791 34.204 32.785 34.995 30.671 30.471 30.26 31.242 33.076 34.542 30.266 33.568 32.461 33.261 32.522 32.44 33.821 29.866 33.475 34.302 33.578 31.875 32.007 36.057 32.681 30.799 169.24 31.134 31.786 30.387 33.5 33.302 33.693 32.11 34.474 31.003 33.453 33.713 34.1 32.457 32.381 32.659 30.849 31.606 30.728 32.752 35.687 34.491 29.405 32.814 31.045 31.564 28.679 32.45 32.024 31.857 29.73 31.102 32.164 32.103 33.113 30.748 35.037 37.886 29.204 29.549 32.384 32.609 30.133 34.143 32.114 33.932 32.42 33.315 30.602 30.444 32.853 31.472 28.98 29.969 34.21 32.648 34.775 32.171 31.472 33.104 32.384 31.863 31.231 31.083 31.054 32.49 31.986 33.673 34.832 31.573 32.383 33.416 33.556 33.777 31.602 32.867 30.707 32.205 35.403 31.042 31.958 27.74 33.415 34.568 34.012 31.5 32.495 32.711 36.389 31.192 34.764 32.089 32.648
32.913 29.706 33.755 30.717 31.83 31.182 32.596 29.92 29.199 30.207 33.659 30.702 34.239 31.058 28.752 28.151 29.582 31.984 32.138 29.247 32.023 33.105 30.972 31.592 31.122 34.501 27.961 31.941 32.188 32.925 29.473 31.307 32.633 29.597 30.229 31.134 166.35 30.325 29.729 33.143 32.266 32.663 29.175 30.965 30.018 32.869 32.322 31.456 31.569 28.768 31.502 30.474 29.882 30.234 31.831 35.089 32.586 28.079 31.791 30.281 29.9 27.811 31.49 29.37 30.164 26.371 29.619 30.957 32.696 31.46 31.198 33.751 37.449 26.928 30.335 32.652 30.862 29.652 31.373 29.624 30.733 29.906 31.817 30.649 28.101 31.491 30.486 30.139 28.228 31.422 30.99 32.772 31.917 31.478 29.723 31.172 32.181 29.884 28.75 29.279 30.91 28.593 33.031 34.108 30.713 30.318 32.708 32.416 32.846 29.923 34.23 29.865 30.985 34.219 29.02 31.153 26.613 31.229 33.909 31.703 28.59 30.335 32.788 34.815 30.136 32.757 30.727 31.278
33.749 32.923 35.951 33.465 30.499 31.228 32.732 31.629 29.548 32.055 33.184 32.964 36.468 31.248 31.69 30.201 30.677 32.488 33.842 29.695 34.39 31.398 31.79 33.004 30.764 33.648 31.291 32.44 33.114 32.728 31.179 31.923 32.972 33.53 29.349 31.786 30.325 169.82 29.996 34.083 32.109 34.39 32.073 33.538 33.298 32.064 33.565 33.898 33.174 29.908 31.77 31.103 31.646 31.422 33.355 36.204 36.082 28.62 32.779 32.43 29.787 28.594 32.763 32.014 30.689 29.261 29.402 34.156 32.121 33.66 30.887 37.836 36.104 29.683 30.729 33.987 30.394 28.89 33.682 29.724 32.863 31.799 30.915 32.276 29.417 34.045 32.401 29.117 32.01 33.065 31.384 33.298 33.056 32.839 31.329 33.015 32.385 31.936 29.616 30.734 31.092 31.671 32.834 33.321 33.615 32.134 32.161 33.322 33.976 31.825 34.878 31.881 30.784 35.163 30.325 31.587 26.78 32.838 34.377 34.122 28.899 30.072 33.017 36.983 30.302 35.377 32.118 33.613
31.884 29.26 33.931 29.359 27.98 27.768 31.22 28.339 27.181 29.868 32.415 30.998 32.189 30.288 28.156 27.997 28.078 30.125 32.716 29.093 30.178 28.836 30.086 30.483 30.093 33.154 27.053 30.592 30.081 30.881 27.497 29.574 32.076 28.938 29.118 30.387 29.729 29.996 166 32.278 31.886 31.472 29.616 29.055 29.948 33.041 31.192 30.618 30.586 30.62 32.793 28.275 27.658 28.876 31.008 33.849 30.33 26.757 30.525 30.995 27.505 26.966 29.16 27.893 29.825 27.302 27.87 31.468 30.347 30.227 26.654 33.766 35.347 25.106 28.11 31.836 28.858 26.825 29.721 28.565 30.47 30.291 31.129 29.881 26.785 30.684 29.639 27.682 28.174 29.615 31.453 31.656 29.036 30.275 29.259 29.992 31.346 29.021 29.41 29.126 29.67 28.535 30.788 33.067 28.181 31.286 31.709 31.301 30.478 28.98 30.762 29.508 30.14 32.619 28.975 30.029 26.474 30.552 32.3 31.022 28.486 28.72 29.321 33.478 29.425 30.705 29.742 32.733
34.683 32.876 37.849 35.664 33.901 32.801 34.449 34.906 30.983 35.456 37.173 34.882 36.141 33.029 32.291 31.929 32.593 32.335 34.633 32.731 34.498 36.064 32.964 33.558 33.098 35.439 31.981 34.454 33.354 34.925 32.394 31.162 37.076 33.555 33.811 33.5 33.143 34.083 32.278 174.89 33.439 35.444 32.016 35.494 33.849 34.239 34.86 34.783 34.291 32.873 34.837 31.499 32.744 32.554 35.088 36.343 35.186 30.238 32.788 33.573 31.756 30.321 34.302 34.446 33.349 29.185 32.014 35.922 35.281 35.461 32.528 37.76 39.93 29.458 33.365 36.1 33.33 32.286 32.796 32.317 34.105 31.387 34.181 36.302 30.237 34.502 33.44 29.566 31.022 34.277 35.293 35.972 33.835 33.998 33.669 34.95 35.88 31.88 32.261 31.931 33.219 32.375 35.266 37.457 33.788 35.587 33.281 33.811 35.125 33.295 35.687 31.117 32.661 38.004 32.079 34.74 27.816 34.64 35.321 36.941 33.222 32.135 33.422 37.286 32.192 37.725 32.601 34.69
34.648 29.976 37.404 31.697 32.328 30.487 34.298 31.195 30.254 33.797 34.338 33.029 34.289 30.641 29.472 29.865 31.808 33.963 34.576 30.379 34.234 31.742 32.15 30.8 32.115 34.048 27.883 32.861 33.579 35.044 32.821 32.642 34.474 32.667 32.204 33.302 32.266 32.109 31.886 33.439 172.27 34.269 29.927 31.86 32.177 34.978 35.247 32.348 34.061 30.361 32.958 30.709 30.018 29.483 33.931 34.625 34.804 29.334 33.634 32.566 30.883 29.886 34.029 30.828 33.6 29.487 31.236 33.255 35.7 33.512 30.323 36.665 40.135 29.809 30.193 34.433 32.898 31.391 32.035 29.514 32.778 31.901 32.178 31.24 29.884 33.073 33.789 31.097 31.885 32.606 32.613 35.254 32.181 30.855 30.421 30.925 31.535 29.817 30.34 31.63 32.885 30.257 34.816 34.845 32.813 32.187 32.88 35.815 32.22 31.852 32.977 32.702 31.979 34.99 30.148 30.51 27.939 32.885 35.566 33.517 29.961 32.658 34.839 35.847 33.78 33.726 32.084 34.283
36.123 31.561 36.719 34.478 32.414 31.874 34.76 32.156 31.693 32.887 34.73 34.326 36.525 32.1 31.169 32.343 31.896 33.736 37.11 30.69 33.154 33.624 33.279 33.13 32.911 34.058 29.732 33.53 36.58 34.21 31.917 31.833 35.02 34.764 32.552 33.693 32.663 34.39 31.472 35.444 34.269 172.56 31.392 33.795 33.041 34.781 35.08 34.755 34.671 32.472 33.232 30.352 31.252 31.932 36.379 36.925 36.505 31.56 33.574 34.335 31.307 31.876 35.103 31.785 32.338 30.574 31.693 33.645 34.288 36.729 32.011 37.151 39.432 29.686 31.648 34.816 32.168 33.214 34.871 31.725 31.5 33.42 34.29 32.91 30.42 35.834 32.469 29.625 29.905 31.841 33.937 33.967 34.545 32.192 33.691 33.445 33.286 31.995 31.056 32.836 31.418 32.556 33.527 34.846 32.867 34.472 35.24 35.034 35.629 33.477 36.422 31.041 33.612 37.137 31.327 34 29.08 33.343 35.145 34.883 31.146 33.687 34.205 37.485 33.329 36.262 32.283 36.028
32.818 32.057 34.799 30.72 30.375 32.423 32.35 30.984 28.666 32.503 32.972 32.058 34.738 29.94 30.081 27.33 28.192 31.46 32.549 31.248 34.584 30.51 33.453 31.867 32.7 32.474 30.549 33.297 31.689 32.718 29.633 29.979 31.687 32.85 31.569 32.11 29.175 32.073 29.616 32.016 29.927 31.392 171.07 32.332 32.249 33.093 33.066 31.64 32.34 30.795 30.834 29.694 29.152 31.709 32.901 34.166 33.571 27.263 32.259 29.062 28.289 26.706 31.34 31.925 30.46 25.94 29.059 32.812 30.325 31.38 29.299 36.35 36.21 29.043 28.584 32.183 28.921 28.254 33.091 30.958 31.4 30.627 30.365 31.8 29.627 33.464 31.22 28.04 27.458 31.693 30.808 31.397 31.776 33.156 31.476 31.285 33.309 30.998 31.425 29.766 29.513 30.741 33.646 32.588 32.02 31.816 31.59 33.6 33.601 29.556 33.553 33.129 31.518 35.784 29.875 29.337 28.236 31.466 32.787 32.077 29.654 29.869 31.783 34.669 29.342 34.075 31.361 34.721
34.038 33.248 35.769 33.603 32.792 32.072 32.593 33.025 30.675 33.166 34.387 34.28 34.848 31.188 32.369 28.731 29.686 32.759 33.907 29.935 33.936 35.034 31.682 31.701 31.849 34.062 31.6 34.348 33.558 35.294 31.663 31.873 34.164 35.024 30.355 34.474 30.965 33.538 29.055 35.494 31.86 33.795 32.332 171.75 32.436 32.981 34.184 33.66 32.743 30.285 32.239 31.209 31.66 29.915 32.514 35.178 33.931 29.082 33.082 32.142 31.492 29.256 34.833 33.009 32.114 30.22 31.078 33.121 32.249 33.343 31.932 37.034 39.189 30.047 31.899 34.385 31.527 31.177 35.005 30.592 32.857 31.638 33.251 33.275 30.035 32.739 31.686 28.562 30.606 35.431 35.114 34.618 33.341 33.572 34.157 33.134 32.781 31.188 31.162 31.519 31.613 31.281 33.973 35.086 32.717 33.557 32.644 33.417 33.841 31.708 35.303 31.803 29.616 36.513 31.42 32.703 28.577 33.001 33.745 33.994 32.607 32.34 33.087 36.34 31.334 36.149 32.661 33.606
34.219 32.204 37.1 34.284 30.879 31.183 33.637 32.883 29.802 32.712 35.479 34.219 35.145 32.474 32.975 29.252 32.816 32.635 34.956 31.999 35.274 32.603 32.054 31.73 32.057 34.046 32.349 34.133 33.34 33.286 28.934 33.072 35.165 33.001 30.87 31.003 30.018 33.298 29.948 33.849 32.177 33.041 32.249 32.436 172.33 34.368 33.947 35.768 34.918 31.573 32.199 32.331 29.984 30.227 34.966 36.159 34.462 29.055 35.048 32.151 30.658 28.902 31.832 31.185 34.939 28.971 31.979 32.602 34.145 33.201 30.895 37.464 37.322 30.446 30.13 33.382 30.768 30.688 32.738 31.078 31.375 29.627 31.547 31.791 28.246 33.932 32.913 29.354 30.399 34.675 32.485 33.18 33.443 33.42 31.671 33.417 33.377 31.285 30.939 31.186 31.686 31.359 33.495 34.427 32.339 31.976 34.82 33.451 33.331 32.621 33.141 30.085 32.004 37.761 32.675 31.31 29.096 32.104 35.518 35.965 33.266 32.313 33.994 36.789 30.326 35.509 32.831 34.66
