88.754 21.132 16.449 18.205 15.695 16.857 17.355 16.667 20.038 17.57 14.793 20.777 19.759 19.129 18.268 18.233 16.844 18.405 19.269 15.316 19.233 16.511 18.121 16.294 16.528 18.016 15.86 17.435 17.641 17.69 17.113 20.19 17.112 18.412 17.068 18.228 19.116 17.345 15.119 17.941 17.634 20.115 18.249 17.655 17.556 16.383 18.362 16.894 16.008 19.45 17.787 18.346 18.03 17.716 20.079 16.919 18.273 18.88 17.692 21.343 15.822 17.521 17.201 17.894
21.132 90.012 17.891 18.301 16.377 16.571 18.046 18.166 20.912 17.715 14.482 19.444 20.015 19.265 19.078 18.826 17.189 19.039 19.634 16.845 19.831 17.27 18.296 16.426 16.422 17.821 16.668 17.993 17.959 18.306 18.653 19.986 18.775 18.044 16.284 18.1 19.715 18.094 16.979 18.04 18.465 20.173 18.333 18.453 19.066 15.81 18.638 17.773 17.5 19.799 17.971 18.087 18.447 17.512 19.386 18.572 17.855 19.971 18.869 21.702 16.977 18.819 17.734 19.626
16.449 17.891 85.952 15.934 14.383 15.024 17.532 15.987 18.239 17.874 14.185 17.673 17.957 17.432 16.92 15.741 14.325 16.687 18.188 15.947 16.837 16.44 14.615 15.383 15.317 16.951 16.03 15.834 17.17 16.782 16.405 19.699 17.705 16.686 16.42 16.671 15.438 17.255 13.936 15.468 15.037 19.207 17.355 16.596 16.771 14.82 16.76 16.09 16.587 17.911 17.203 16.264 16.944 15.439 18.101 15.66 17.542 16.756 15.964 18.38 15.488 16.109 17.662 17.451
18.205 18.301 15.934 86.604 14.702 16.331 15.787 14.923 17.638 17.05 12.967 19.284 17.361 17.755 16.501 16.806 15.178 17.74 18.729 15.309 18.157 15.708 15.641 13.977 15.988 16.827 16.401 17.727 16.217 16.307 15.929 19.248 16.364 17.341 14.657 16.447 16.573 15.076 16.951 15.84 16.368 18.525 17.814 16.25 14.41 14.931 16.253 15.755 16.776 17.637 17.803 15.92 16.478 15.599 17.799 16.353 18.066 16.74 15.76 17.917 15.043 15.873 17.236 16.603
15.695 16.377 14.383 14.702 82.638 11.684 14.667 13.502 15.565 14.875 12.258 17.014 15.569 16.011 15.706 12.815 13.966 15.972 15.327 13.176 15.997 13.981 14.043 13.655 13.864 13.639 13.656 14.146 14.518 14.569 14.199 16.067 14.038 13.806 12.948 13.871 14.98 15.075 12.997 13.084 14.282 17.069 14.919 13.47 13.546 14.309 15.544 13.993 15.362 16.39 13.677 13.131 14.275 12.981 14.98 15.513 16.99 14.997 14.475 15.625 14.453 13.74 16.691 15.197
16.857 16.571 15.024 16.331 11.684 83.651 15.299 14.574 17.022 15.715 12.97 17.842 15.677 15.45 15.502 15.841 14.106 15.494 16.776 14.986 15.615 13.564 13.514 13.408 14.862 15.332 15.446 15.001 14.445 15.076 14.9 18.946 15.736 15.942 15.018 14.059 15.147 15.171 13.159 16.236 15.128 16.917 16.461 14.186 13.566 13.862 15.488 14.648 12.928 15.358 17.003 14.79 15.018 15.45 16.28 14.469 15.269 17.446 15.096 18.212 13.173 15.26 15.333 15.274
17.355 18.046 17.532 15.787 14.667 15.299 84.735 15.329 17.615 16.769 14.097 17.636 16.849 17.064 16.718 15.066 14.318 17.052 17.478 14.774 16.324 14.467 16.606 14.839 13.668 16.491 15.764 14.824 15.821 16.563 15.352 19.393 15.921 15.796 15.085 15.138 16.505 16.553 13.626 15.763 16.284 18.566 17.005 15.048 15.505 15.245 16.823 15.339 14.993 17.336 16.706 16.232 16.586 14.828 17.552 15.766 17.087 17.032 15.704 17.793 14.877 15.509 15.74 16.369
16.667 18.166 15.987 14.923 13.502 14.574 15.329 84.782 17.236 16.113 13.443 17.162 16.895 16.494 15.615 14.334 15.721 16.917 18.036 15.473 16.373 14.814 14.471 13.733 13.839 14.974 13.783 16.032 15.895 15.398 15.715 16.504 16.374 14.272 14.64 15.143 16.265 14.776 13.874 15.233 15.159 18.251 16.361 14.926 14.352 14.106 16.492 15.734 15.849 16.198 15.759 14.265 16.088 15.385 16.423 15.31 15.888 17.067 16.106 17.968 14.25 15.128 15.686 15.239
20.038 20.912 18.239 17.638 15.565 17.022 17.615 17.236 89.052 19.564 16.418 20.065 19.948 19.661 19.989 16.99 16.203 18.321 19.471 16.951 19.105 16.354 16.514 16.67 15.897 18.008 17.657 17.216 17.409 17.329 17.805 20.377 18.814 17.206 17.049 17.545 19.511 17.368 16.562 17.625 16.493 20.777 18.475 17.55 17.034 16.523 19.843 18.347 16.801 20.162 19.209 16.529 17.189 17.962 18.591 17.382 18.614 18.295 17.514 21.014 16.572 17.325 18.005 17.892
17.57 17.715 17.874 17.05 14.875 15.715 16.769 16.113 19.564 86.736 14.01 19.396 19.296 17.146 18.668 16.589 15.341 16.237 18.892 16.568 17.608 15.873 15.033 17.237 15.161 17.524 17.141 16.564 17.777 15.703 17.032 20.839 17.712 16.153 17.16 16.995 17.689 15.619 14.859 16.055 17.043 18.007 18.617 16.161 16.45 15.142 18.723 15.911 15.644 18.084 17.196 16.13 16.957 16.352 17.846 15.723 18.489 17.307 16.251 19.168 14.93 15.665 16.855 18.171
14.793 14.482 14.185 12.967 12.258 12.97 14.097 13.443 16.418 14.01 80.275 14.983 14.562 14.825 15.41 13.231 13.048 13.138 15.35 13.747 14.027 12.843 12.894 12.451 11.939 13.511 13.589 12.827 13.808 14.117 14.479 15.412 13.907 13.254 13.782 13.871 13.071 13.835 12.435 14.026 12.83 16.687 14.303 12.489 13.717 13.647 15.139 13.719 12.597 14.962 14.427 12.88 13.238 13.525 13.7 13.839 14.271 14.596 14.618 14.862 13.597 12.941 14.766 13.451
20.777 19.444 17.673 19.284 17.014 17.842 17.636 17.162 20.065 19.396 14.983 90.204 20.623 19.292 19.638 18.384 17.472 19.948 21.766 17.126 19.919 17.57 17.527 18.167 18.39 18.561 17.88 18.044 19.102 16.985 17.69 21.888 17.912 17.86 17.776 17.666 19.572 16.728 15.182 18.333 18.791 21.936 19.128 17.216 16.267 17.599 17.696 17.406 16.782 19.755 19.197 17.297 19.159 17.834 19.914 18.456 20.302 20.902 16.776 20.922 16.112 17.378 18.942 18.086
19.759 20.015 17.957 17.361 15.569 15.677 16.849 16.895 19.948 19.296 14.562 20.623 88.18 18.036 18.576 18.484 16.495 17.683 19.802 16.699 18.174 15.925 17.104 15.813 16.573 18.136 16.517 16.829 17.791 17.15 17.651 20.949 17.278 16.505 16.751 18.345 18.423 17.718 14.993 17.765 17.915 20.179 17.595 16.807 16.927 15.747 18.192 16.978 17.212 18.996 19.046 16.619 17.904 17.111 19.176 17.751 19.209 19.613 17.282 20.087 16.385 15.962 18.922 18.566
19.129 19.265 17.432 17.755 16.011 15.45 17.064 16.494 19.661 17.146 14.825 19.292 18.036 87.227 17.764 17.732 16.503 18.062 18.016 15.437 18.747 16.628 16.187 15.862 15.437 17.243 17.069 16.683 18.052 17.476 16.234 19.326 18.031 17.333 16.7 17.018 17.341 16.341 15.134 16.407 16.456 19.765 18.648 16.074 16.935 15.487 18.892 16.778 17.043 18.12 16.919 15.373 18.433 16.57 18.433 16.635 18.031 17.523 17.93 19.798 15.55 16.939 17.629 18.13
18.268 19.078 16.92 16.501 15.706 15.502 16.718 15.615 19.989 18.668 15.41 19.638 18.576 17.764 86.879 17.272 14.835 17.287 18.786 16.035 16.621 15.512 17.17 16.53 15.222 16.524 16.604 17.163 17.58 16.596 16.41 19.612 16.001 17.524 17.078 17.095 18.764 16.356 15.458 17.222 17.181 19.135 19.04 15.685 17.023 15.976 17.944 16.131 16.112 17.762 17.493 16.513 16.569 15.834 17.092 17.498 17.793 17.857 16.894 20.105 15.292 16.335 17.866 18.698
18.233 18.826 15.741 16.806 12.815 15.841 15.066 14.334 16.99 16.589 13.231 18.384 18.484 17.732 17.272 85.08 15.201 16.421 18.026 15.729 16.789 15.617 15 14.479 14.904 15.985 15.37 15.77 17.067 15.47 16.053 19.132 16.066 16.753 15.831 16.317 16.182 15.47 13.431 16.466 16.584 17.64 17.204 14.796 16.216 13.398 16.528 14.905 14.62 16.525 15.524 15.653 15.708 16.095 16.495 15.748 15.738 18.068 16.478 19.483 14.204 16.423 16.07 16.792
16.844 17.189 14.325 15.178 13.966 14.106 14.318 15.721 16.203 15.341 13.048 17.472 16.495 16.503 14.835 15.201 82.07 16.136 17.157 14.232 16.329 14.071 14.234 13.879 13.509 14.787 13.978 14.633 14.76 14.629 15.798 16.409 15.079 13.812 13.858 14.405 14.406 14.736 12.806 15.292 15.103 17.42 14.985 13.567 14.234 13.109 15.692 14.903 14.139 16.744 14.752 13.879 15.282 15.339 16.166 14.192 15.484 16.014 14.449 16.914 13.468 13.793 15.71 15.18
18.405 19.039 16.687 17.74 15.972 15.494 17.052 16.917 18.321 16.237 13.138 19.948 17.683 18.062 17.287 16.421 16.136 86.983 18.877 16.933 18.106 15.115 17.341 15.679 15.258 16.326 15.258 15.845 16.822 16.781 15.414 18.807 16.584 16.176 15.207 15.404 17.796 16.902 16.015 16.305 17.044 20.144 18.054 15.527 14.704 15.666 17.114 15.985 16.571 18.043 17.314 16.341 17.315 16.147 16.993 17.531 18.057 19.026 15.218 18.396 16.371 16.233 17.653 16.947
19.269 19.634 18.188 18.729 15.327 16.776 17.478 18.036 19.471 18.892 15.35 21.766 19.802 18.016 18.786 18.026 17.157 18.877 89.466 18.64 19.16 17.33 17.028 16.243 16.092 17.58 16.909 18.237 18.62 16.813 18.017 20.715 19.093 17.316 17.249 17.962 18.921 17.227 16.467 18.771 17.975 20.489 18.681 17.958 17.095 16.819 18.983 16.253 17.201 20.121 19.191 18.579 19.523 17.078 18.6 17.277 18.512 18.985 18.401 20.212 15.804 17.634 18.434 17.491
15.316 16.845 15.947 15.309 13.176 14.986 14.774 15.473 16.951 16.568 13.747 17.126 16.699 15.437 16.035 15.729 14.232 16.933 18.64 83.892 15.819 14.209 14.109 14.202 14.31 14.65 15.202 14.332 15.625 14.549 16.244 17.667 16.656 14.744 15.438 14.766 16.12 15.009 13.501 13.766 14.946 17.614 16.614 15.607 14.012 14.861 15.908 14.793 14.187 15.909 15.905 14.84 15.452 14.884 14.279 15.415 16.409 17.33 15.521 16.488 14.162 15.72 16.082 15.774
19.233 19.831 16.837 18.157 15.997 15.615 16.324 16.373 19.105 17.608 14.027 19.919 18.174 18.747 16.621 16.789 16.329 18.106 19.16 15.819 86.957 17.217 16.752 15.594 14.865 18.029 15.833 17.018 18.624 17.72 17.229 20.124 18.896 17.366 15.168 16.365 17.783 15.106 15.573 16.708 15.802 20.013 17.445 16.187 16.174 15.956 18.198 16.771 17.248 18.83 17.486 16.456 17.433 18.178 17.716 17.993 16.969 19.036 17.346 20.371 15.678 17.726 16.347 16.431
16.511 17.27 16.44 15.708 13.981 13.564 14.467 14.814 16.354 15.873 12.843 17.57 15.925 16.628 15.512 15.617 14.071 15.115 17.33 14.209 17.217 82.41 13.072 14.261 13.684 15.127 14.395 16.295 16.113 15.016 15.567 18.112 16.006 15.41 15.017 15.958 15.704 14.31 12.976 14.268 14.664 18.359 15.314 15.004 15.086 14.027 16.367 15.036 15.552 17.349 14.785 15.011 15.272 14.612 16.213 14.861 15.32 16.463 14.842 17.588 13.861 16.327 15.749 15.261
18.121 18.296 14.615 15.641 14.043 13.514 16.606 14.471 16.514 15.033 12.894 17.527 17.104 16.187 17.17 15 14.234 17.341 17.028 14.109 16.752 13.072 84.657 13.708 13.565 15.967 13.858 15.506 16.172 15.525 14.454 16.401 15.685 15.489 13.256 14.566 16.506 14.127 14.99 16.269 16.217 17.604 16.531 14.306 15.037 15.093 15.501 15.048 14.784 15.978 16.598 15.366 17.246 15.044 15.742 16.31 15.785 17.368 15.675 17.925 14.771 15.443 14.837 15.792
16.294 16.426 15.383 13.977 13.655 13.408 14.839 13.733 16.67 17.237 12.451 18.167 15.813 15.862 16.53 14.479 13.879 15.679 16.243 14.202 15.594 14.261 13.708 83.677 14.22 14.488 13.903 14.479 14.319 14.25 15.565 18.023 14.445 13.976 14.176 15.494 15.241 15.05 11.71 15.546 14.678 16.89 17 15.146 14.756 14.264 16.391 14.044 14.347 16.461 14.83 13.457 14.644 13.971 15.055 14.933 15.212 16.461 13.98 17.818 14.164 15.094 14.964 15.594
16.528 16.422 15.317 15.988 13.864 14.862 13.668 13.839 15.897 15.161 11.939 18.39 16.573 15.437 15.222 14.904 13.509 15.258 16.092 14.31 14.865 13.684 13.565 14.22 83.541 14.411 13.487 14.255 13.797 14.96 15.389 16.462 14.752 14.477 14.324 14.965 13.923 14.011 13.121 14.838 14.074 17.087 16.134 14.202 13.844 13.229 14.172 13.957 14.494 15.011 14.781 14.432 14.99 14.441 14.591 14.471 16.309 15.781 13.091 17.795 13.413 14.361 16.296 15.592
18.016 17.821 16.951 16.827 13.639 15.332 16.491 14.974 18.008 17.524 13.511 18.561 18.136 17.243 16.524 15.985 14.787 16.326 17.58 14.65 18.029 15.127 15.967 14.488 14.411 83.956 16.631 15.782 17.023 15.413 16.357 18.736 16.693 16.043 15.647 14.818 16.052 14.643 13.92 16.837 16.456 18.619 17.349 15.288 16.612 15.175 16.459 15.14 16.053 17.397 17.124 16.296 16.687 15.233 17.957 16.222 16.847 17.353 15.354 19.351 15.052 15.677 16.074 16.185
15.86 16.668 16.03 16.401 13.656 15.446 15.764 13.783 17.657 17.141 13.589 17.88 16.517 17.069 16.604 15.37 13.978 15.258 16.909 15.202 15.833 14.395 13.858 13.903 13.487 16.631 83.618 14.718 15.715 15.061 15.666 18.45 15.784 15.063 15.416 14.593 17.263 14.147 14.323 15.245 15.565 17.56 18.364 14.501 14.681 15.315 15.871 14.596 14.37 16.509 16.231 14.198 16.397 13.859 16.593 14.278 16.336 16.165 14.384 17.368 14.682 15.916 16.04 15.905
17.435 17.993 15.834 17.727 14.146 15.001 14.824 16.032 17.216 16.564 12.827 18.044 16.829 16.683 17.163 15.77 14.633 15.845 18.237 14.332 17.018 16.295 15.506 14.479 14.255 15.782 14.718 84.504 16.524 15.952 16.426 18.452 16.228 16.103 15.29 15.364 16.959 14.689 14.982 15.667 15.929 17.95 16.985 15.931 15.389 15.024 17.386 16.202 15.006 17.391 16.334 15.356 16.122 16.151 17.285 15.678 15.308 17.293 15.71 18.998 15.013 16.196 16.623 16.509
17.641 17.959 17.17 16.217 14.518 14.445 15.821 15.895 17.409 17.777 13.808 19.102 17.791 18.052 17.58 17.067 14.76 16.822 18.62 15.625 18.624 16.113 16.172 14.319 13.797 17.023 15.715 16.524 85.593 15.676 16.211 19.16 17.69 16.125 16.006 16.896 16.492 13.734 13.874 15.313 15.267 18.251 17.869 15.296 16.412 15.472 16.422 15.278 15.314 17.565 15.524 16.374 17.539 16.047 16.998 15.699 17.04 18.087 17.11 18.859 15.464 17.003 16.018 16.889
17.69 18.306 16.782 16.307 14.569 15.076 16.563 15.398 17.329 15.703 14.117 16.985 17.15 17.476 16.596 15.47 14.629 16.781 16.813 14.549 17.72 15.016 15.525 14.25 14.96 15.413 15.061 15.952 15.676 84.47 14.863 18.327 16.756 16.084 15.108 16.549 17.054 15.7 14.791 15.916 15.574 18.004 17.426 15.243 15.182 13.973 16.435 15.289 14.945 17.188 16.791 15.324 15.39 16.723 16.886 16.016 16.543 17.048 15.248 19.057 16.287 15.799 16.449 16.513
17.113 18.653 16.405 15.929 14.199 14.9 15.352 15.715 17.805 17.032 14.479 17.69 17.651 16.234 16.41 16.053 15.798 15.414 18.017 16.244 17.229 15.567 14.454 15.565 15.389 16.357 15.666 16.426 16.211 14.863 84.518 17.811 15.973 14.787 14.6 15.511 15.935 15.204 14.19 15.661 15.907 18.88 16.191 15.973 16.397 15.962 17.386 16.04 15.676 17.597 16.152 14.683 16.66 15.848 16.535 15.87 16.165 18.015 16.34 18.905 15.725 17.039 16.958 16.552
20.19 19.986 19.699 19.248 16.067 18.946 19.393 16.504 20.377 20.839 15.412 21.888 20.949 19.326 19.612 19.132 16.409 18.807 20.715 17.667 20.124 18.112 16.401 18.023 16.462 18.736 18.45 18.452 19.16 18.327 17.811 91.55 18.765 18.513 19.263 18.595 19.173 18.023 14.592 18.857 18.774 21.903 20.835 17.565 18.201 17.592 19.993 18.13 16.942 19.752 19.62 18.24 18.413 18.294 19.96 17.888 20 20.157 17.306 21.658 16.062 18.855 18.936 18.025
17.112 18.775 17.705 16.364 14.038 15.736 15.921 16.374 18.814 17.712 13.907 17.912 17.278 18.031 16.001 16.066 15.079 16.584 19.093 16.656 18.896 16.006 15.685 14.445 14.752 16.693 15.784 16.228 17.69 16.756 15.973 18.765 85.921 17.132 15.685 15.425 17.156 14.706 14.547 15.883 15.608 18.592 17.485 16.024 16.148 14.977 17.396 14.719 15.272 17.884 17.855 16.274 17.137 15.665 16.583 15.608 15.783 17.408 16.942 19.219 14.965 17.027 15.067 17.124
18.412 18.044 16.686 17.341 13.806 15.942 15.796 14.272 17.206 16.153 13.254 17.86 16.505 17.333 17.524 16.753 13.812 16.176 17.316 14.744 17.366 15.41 15.489 13.976 14.477 16.043 15.063 16.103 16.125 16.084 14.787 18.513 17.132 84.013 16.317 15.65 16.526 15.424 14.412 15.396 15.82 17.55 17.92 15.721 15.404 14.859 16.706 15.186 15.475 16.741 16.809 16.974 15.586 15.483 17.824 15.842 15.362 16.864 16.885 18.478 13.498 15.979 16.164 16.782
17.068 16.284 16.42 14.657 12.948 15.018 15.085 14.64 17.049 17.16 13.782 17.776 16.751 16.7 17.078 15.831 13.858 15.207 17.249 15.438 15.168 15.017 13.256 14.176 14.324 15.647 15.416 15.29 16.006 15.108 14.6 19.263 15.685 16.317 83.699 15.519 15.496 14.862 11.966 15.215 14.96 18.218 17.98 15.474 15.062 14.163 17.025 15.387 13.758 16.283 16.477 15.917 15.151 15.068 17.316 14.035 15.693 16.448 15.714 18.157 12.584 14.989 16.135 16.933
18.228 18.1 16.671 16.447 13.871 14.059 15.138 15.143 17.545 16.995 13.871 17.666 18.345 17.018 17.095 16.317 14.405 15.404 17.962 14.766 16.365 15.958 14.566 15.494 14.965 14.818 14.593 15.364 16.896 16.549 15.511 18.595 15.425 15.65 15.519 84.577 16.408 15.345 14.523 15.072 15.072 17.859 17.525 16.083 16.522 14.537 16.917 15.85 15.591 17.612 15.781 15.419 15.234 15.877 17.47 15.586 16.986 16.57 16.418 18.197 14.267 15.745 15.921 16.474
19.116 19.715 15.438 16.573 14.98 15.147 16.505 16.265 19.511 17.689 13.071 19.572 18.423 17.341 18.764 16.182 14.406 17.796 18.921 16.12 17.783 15.704 16.506 15.241 13.923 16.052 17.263 16.959 16.492 17.054 15.935 19.173 17.156 16.526 15.496 16.408 87.695 15.761 15.53 16.645 17.878 19.147 18.09 15.935 15.782 16.546 17.831 16.156 15.855 17.604 18.515 16.289 16.819 16.015 17.895 17.541 17.903 18.885 16.049 19.7 15.243 17.347 16.041 18.3
17.345 18.094 17.255 15.076 15.075 15.171 16.553 14.776 17.368 15.619 13.835 16.728 17.718 16.341 16.356 15.47 14.736 16.902 17.227 15.009 15.106 14.31 14.127 15.05 14.011 14.643 14.147 14.689 13.734 15.7 15.204 18.023 14.706 15.424 14.862 15.345 15.761 84.054 12.487 15.485 15.075 17.878 15.747 14.806 14.967 14.911 17.145 15.152 15.077 17.485 16.5 15.228 14.88 14.444 16.767 15.478 16.881 17.231 16.434 16.961 14.539 14.486 18.103 17.071
15.119 16.979 13.936 16.951 12.997 13.159 13.626 13.874 16.562 14.859 12.435 15.182 14.993 15.134 15.458 13.431 12.806 16.015 16.467 13.501 15.573 12.976 14.99 11.71 13.121 13.92 14.323 14.982 13.874 14.791 14.19 14.592 14.547 14.412 11.966 14.523 15.53 12.487 82.722 14.333 14.8 15.948 15.501 13.782 13.813 13.312 15.037 14.312 14.013 15.419 15.503 13.656 15.131 13.417 14.154 14.894 15.909 14.624 14.167 15.948 14.257 13.479 14.757 14.263
17.941 18.04 15.468 15.84 13.084 16.236 15.763 15.233 17.625 16.055 14.026 18.333 17.765 16.407 17.222 16.466 15.292 16.305 18.771 13.766 16.708 14.268 16.269 15.546 14.838 16.837 15.245 15.667 15.313 15.916 15.661 18.857 15.883 15.396 15.215 15.072 16.645 15.485 14.333 86.047 17.073 17.928 16.616 15.195 17.148 14.504 16.617 14.399 15.232 17.091 17.875 14.759 16.893 15.857 16.634 15.632 15.828 17.913 15.395 19.717 14.252 15.821 16.394 15.881
17.634 18.465 15.037 16.368 14.282 15.128 16.284 15.159 16.493 17.043 12.83 18.791 17.915 16.456 17.181 16.584 15.103 17.044 17.975 14.946 15.802 14.664 16.217 14.678 14.074 16.456 15.565 15.929 15.267 15.574 15.907 18.774 15.608 15.82 14.96 15.072 17.878 15.075 14.8 17.073 84.367 17.783 17.384 14.851 15.942 14.859 16.624 13.792 16.341 16.621 16.696 15.31 16.411 14.365 17.704 16.611 17.189 16.831 15.319 18.461 14.306 15.737 16.062 15.921
20.115 20.173 19.207 18.525 17.069 16.917 18.566 18.251 20.777 18.007 16.687 21.936 20.179 19.765 19.135 17.64 17.42 20.144 20.489 17.614 20.013 18.359 17.604 16.89 17.087 18.619 17.56 17.95 18.251 18.004 18.88 21.903 18.592 17.55 18.218 17.859 19.147 17.878 15.948 17.928 17.783 90.131 18.575 17.591 16.926 17.127 18.533 18.809 18.181 20.127 20.319 17.827 19.425 17.551 19.407 18.801 19.582 20.238 17.764 20.082 17.972 18.879 19.393 18.44
18.249 18.333 17.355 17.814 14.919 16.461 17.005 16.361 18.475 18.617 14.303 19.128 17.595 18.648 19.04 17.204 14.985 18.054 18.681 16.614 17.445 15.314 16.531 17 16.134 17.349 18.364 16.985 17.869 17.426 16.191 20.835 17.485 17.92 17.98 17.525 18.09 15.747 15.501 16.616 17.384 18.575 88.313 16.138 16.007 17.006 18.284 16.493 17.116 17.552 16.876 16.655 16.574 15.398 17.78 16.232 17.563 18.104 16.426 20.56 15.299 17.11 17.476 17.319
17.655 18.453 16.596 16.25 13.47 14.186 15.048 14.926 17.55 16.161 12.489 17.216 16.807 16.074 15.685 14.796 13.567 15.527 17.958 15.607 16.187 15.004 14.306 15.146 14.202 15.288 14.501 15.931 15.296 15.243 15.973 17.565 16.024 15.721 15.474 16.083 15.935 14.806 13.782 15.195 14.851 17.591 16.138 84.158 15.918 14.331 16.564 15.143 14.802 17.393 16.469 14.859 16.205 14.958 15.805 14.468 16.203 16.763 15.65 17.168 14.608 16.51 15.574 16.142
17.556 19.066 16.771 14.41 13.546 13.566 15.505 14.352 17.034 16.45 13.717 16.267 16.927 16.935 17.023 16.216 14.234 14.704 17.095 14.012 16.174 15.086 15.037 14.756 13.844 16.612 14.681 15.389 16.412 15.182 16.397 18.201 16.148 15.404 15.062 16.522 15.782 14.967 13.813 17.148 15.942 16.926 16.007 15.918 84.174 14.133 17.363 14.788 14.163 16.816 14.921 14.737 16.433 15.714 16.778 15.729 15.573 16.842 15.454 18.743 14.41 16.462 14.782 16.445
16.383 15.81 14.82 14.931 14.309 13.862 15.245 14.106 16.523 15.142 13.647 17.599 15.747 15.487 15.976 13.398 13.109 15.666 16.819 14.861 15.956 14.027 15.093 14.264 13.229 15.175 15.315 15.024 15.472 13.973 15.962 17.592 14.977 14.859 14.163 14.537 16.546 14.911 13.312 14.504 14.859 17.127 17.006 14.331 14.133 82.629 16.57 14.265 14.397 16.392 15.88 14.234 15.252 13.436 15.27 15.243 16.754 17.667 15.682 17.104 13.745 15.448 16.313 15.139
18.362 18.638 16.76 16.253 15.544 15.488 16.823 16.492 19.843 18.723 15.139 17.696 18.192 18.892 17.944 16.528 15.692 17.114 18.983 15.908 18.198 16.367 15.501 16.391 14.172 16.459 15.871 17.386 16.422 16.435 17.386 19.993 17.396 16.706 17.025 16.917 17.831 17.145 15.037 16.617 16.624 18.533 18.284 16.564 17.363 16.57 86.487 17.24 16.23 18.156 17.022 15.419 16.359 16.806 16.944 16.992 17.237 18.299 17.496 19.269 15.456 17.446 16.541 17.944
16.894 17.773 16.09 15.755 13.993 14.648 15.339 15.734 18.347 15.911 13.719 17.406 16.978 16.778 16.131 14.905 14.903 15.985 16.253 14.793 16.771 15.036 15.048 14.044 13.957 15.14 14.596 16.202 15.278 15.289 16.04 18.13 14.719 15.186 15.387 15.85 16.156 15.152 14.312 14.399 13.792 18.809 16.493 15.143 14.788 14.265 17.24 83.879 14.735 17.106 16.427 14.699 15.314 15.886 16.619 15.662 16.269 17.577 15.464 17.99 14.48 15.351 16.649 15.863
16.008 17.5 16.587 16.776 15.362 12.928 14.993 15.849 16.801 15.644 12.597 16.782 17.212 17.043 16.112 14.62 14.139 16.571 17.201 14.187 17.248 15.552 14.784 14.347 14.494 16.053 14.37 15.006 15.314 14.945 15.676 16.942 15.272 15.475 13.758 15.591 15.855 15.077 14.013 15.232 16.341 18.181 17.116 14.802 14.163 14.397 16.23 14.735 85.275 16.842 16.084 14.865 15.249 13.352 17.264 17.002 16.184 14.933 16.304 17.971 14.441 14.912 17.071 15.643
19.45 19.799 17.911 17.637 16.39 15.358 17.336 16.198 20.162 18.084 14.962 19.755 18.996 18.12 17.762 16.525 16.744 18.043 20.121 15.909 18.83 17.349 15.978 16.461 15.011 17.397 16.509 17.391 17.565 17.188 17.597 19.752 17.884 16.741 16.283 17.612 17.604 17.485 15.419 17.091 16.621 20.127 17.552 17.393 16.816 16.392 18.156 17.106 16.842 86.183 18.075 17.569 17.095 16.609 18.341 16.057 18.209 18.062 17.44 20.261 16.248 16.812 18.434 17.249
17.787 17.971 17.203 17.803 13.677 17.003 16.706 15.759 19.209 17.196 14.427 19.197 19.046 16.919 17.493 15.524 14.752 17.314 19.191 15.905 17.486 14.785 16.598 14.83 14.781 17.124 16.231 16.334 15.524 16.791 16.152 19.62 17.855 16.809 16.477 15.781 18.515 16.5 15.503 17.875 16.696 20.319 16.876 16.469 14.921 15.88 17.022 16.427 16.084 18.075 85.95 16.101 17.234 15.604 18.255 16.922 17.597 18.187 17.335 19.749 15.11 16.132 17.626 17.504
18.346 18.087 16.264 15.92 13.131 14.79 16.232 14.265 16.529 16.13 12.88 17.297 16.619 15.373 16.513 15.653 13.879 16.341 18.579 14.84 16.456 15.011 15.366 13.457 14.432 16.296 14.198 15.356 16.374 15.324 14.683 18.24 16.274 16.974 15.917 15.419 16.289 15.228 13.656 14.759 15.31 17.827 16.655 14.859 14.737 14.234 15.419 14.699 14.865 17.569 16.101 83.947 15.681 14.234 16.565 14.98 15.542 15.926 15.42 18.396 13.784 15.159 16.008 15.865
18.03 18.447 16.944 16.478 14.275 15.018 16.586 16.088 17.189 16.957 13.238 19.159 17.904 18.433 16.569 15.708 15.282 17.315 19.523 15.452 17.433 15.272 17.246 14.644 14.99 16.687 16.397 16.122 17.539 15.39 16.66 18.413 17.137 15.586 15.151 15.234 16.819 14.88 15.131 16.893 16.411 19.425 16.574 16.205 16.433 15.252 16.359 15.314 15.249 17.095 17.234 15.681 85.547 15.447 17.36 15.267 16.921 18.101 16.375 18.097 15.296 17.827 16.276 17.104
17.716 17.512 15.439 15.599 12.981 15.45 14.828 15.385 17.962 16.352 13.525 17.834 17.111 16.57 15.834 16.095 15.339 16.147 17.078 14.884 18.178 14.612 15.044 13.971 14.441 15.233 13.859 16.151 16.047 16.723 15.848 18.294 15.665 15.483 15.068 15.877 16.015 14.444 13.417 15.857 14.365 17.551 15.398 14.958 15.714 13.436 16.806 15.886 13.352 16.609 15.604 14.234 15.447 84.601 16.846 15.734 14.286 17.843 14.247 19.103 14.169 15.605 14.598 15.167
20.079 19.386 18.101 17.799 14.98 16.28 17.552 16.423 18.591 17.846 13.7 19.914 19.176 18.433 17.092 16.495 16.166 16.993 18.6 14.279 17.716 16.213 15.742 15.055 14.591 17.957 16.593 17.285 16.998 16.886 16.535 19.96 16.583 17.824 17.316 17.47 17.895 16.767 14.154 16.634 17.704 19.407 17.78 15.805 16.778 15.27 16.944 16.619 17.264 18.341 18.255 16.565 17.36 16.846 88.381 16.797 16.654 17.511 17.505 20.417 14.645 16.353 17.555 18.19
16.919 18.572 15.66 16.353 15.513 14.469 15.766 15.31 17.382 15.723 13.839 18.456 17.751 16.635 17.498 15.748 14.192 17.531 17.277 15.415 17.993 14.861 16.31 14.933 14.471 16.222 14.278 15.678 15.699 16.016 15.87 17.888 15.608 15.842 14.035 15.586 17.541 15.478 14.894 15.632 16.611 18.801 16.232 14.468 15.729 15.243 16.992 15.662 17.002 16.057 16.922 14.98 15.267 15.734 16.797 84.287 16.636 18.217 15.817 18.617 15.616 15.121 16.002 16.495
18.273 17.855 17.542 18.066 16.99 15.269 17.087 15.888 18.614 18.489 14.271 20.302 19.209 18.031 17.793 15.738 15.484 18.057 18.512 16.409 16.969 15.32 15.785 15.212 16.309 16.847 16.336 15.308 17.04 16.543 16.165 20 15.783 15.362 15.693 16.986 17.903 16.881 15.909 15.828 17.189 19.582 17.563 16.203 15.573 16.754 17.237 16.269 16.184 18.209 17.597 15.542 16.921 14.286 16.654 16.636 86.732 18.082 16.313 17.521 15.756 15.035 18.682 17.726
18.88 19.971 16.756 16.74 14.997 17.446 17.032 17.067 18.295 17.307 14.596 20.902 19.613 17.523 17.857 18.068 16.014 19.026 18.985 17.33 19.036 16.463 17.368 16.461 15.781 17.353 16.165 17.293 18.087 17.048 18.015 20.157 17.408 16.864 16.448 16.57 18.885 17.231 14.624 17.913 16.831 20.238 18.104 16.763 16.842 17.667 18.299 17.577 14.933 18.062 18.187 15.926 18.101 17.843 17.511 18.217 18.082 87.324 17.115 20.045 16.391 18.192 17.205 18.905
17.692 18.869 15.964 15.76 14.475 15.096 15.704 16.106 17.514 16.251 14.618 16.776 17.282 17.93 16.894 16.478 14.449 15.218 18.401 15.521 17.346 14.842 15.675 13.98 13.091 15.354 14.384 15.71 17.11 15.248 16.34 17.306 16.942 16.885 15.714 16.418 16.049 16.434 14.167 15.395 15.319 17.764 16.426 15.65 15.454 15.682 17.496 15.464 16.304 17.44 17.335 15.42 16.375 14.247 17.505 15.817 16.313 17.115 86.143 18.026 13.725 15.703 17.155 17.313
21.343 21.702 18.38 17.917 15.625 18.212 17.793 17.968 21.014 19.168 14.862 20.922 20.087 19.798 20.105 19.483 16.914 18.396 20.212 16.488 20.371 17.588 17.925 17.818 17.795 19.351 17.368 18.998 18.859 19.057 18.905 21.658 19.219 18.478 18.157 18.197 19.7 16.961 15.948 19.717 18.461 20.082 20.56 17.168 18.743 17.104 19.269 17.99 17.971 20.261 19.749 18.396 18.097 19.103 20.417 18.617 17.521 20.045 18.026 90.357 16.522 18.863 18.286 18.565
15.822 16.977 15.488 15.043 14.453 13.173 14.877 14.25 16.572 14.93 13.597 16.112 16.385 15.55 15.292 14.204 13.468 16.371 15.804 14.162 15.678 13.861 14.771 14.164 13.413 15.052 14.682 15.013 15.464 16.287 15.725 16.062 14.965 13.498 12.584 14.267 15.243 14.539 14.257 14.252 14.306 17.972 15.299 14.608 14.41 13.745 15.456 14.48 14.441 16.248 15.11 13.784 15.296 14.169 14.645 15.616 15.756 16.391 13.725 16.522 82.15 15.597 15.607 15.03
17.521 18.819 16.109 15.873 13.74 15.26 15.509 15.128 17.325 15.665 12.941 17.378 15.962 16.939 16.335 16.423 13.793 16.233 17.634 15.72 17.726 16.327 15.443 15.094 14.361 15.677 15.916 16.196 17.003 15.799 17.039 18.855 17.027 15.979 14.989 15.745 17.347 14.486 13.479 15.821 15.737 18.879 17.11 16.51 16.462 15.448 17.446 15.351 14.912 16.812 16.132 15.159 17.827 15.605 16.353 15.121 15.035 18.192 15.703 18.863 15.597 85.265 14.77 15.978
17.201 17.734 17.662 17.236 16.691 15.333 15.74 15.686 18.005 16.855 14.766 18.942 18.922 17.629 17.866 16.07 15.71 17.653 18.434 16.082 16.347 15.749 14.837 14.964 16.296 16.074 16.04 16.623 16.018 16.449 16.958 18.936 15.067 16.164 16.135 15.921 16.041 18.103 14.757 16.394 16.062 19.393 17.476 15.574 14.782 16.313 16.541 16.649 17.071 18.434 17.626 16.008 16.276 14.598 17.555 16.002 18.682 17.205 17.155 18.286 15.607 14.77 86.309 16.964
17.894 19.626 17.451 16.603 15.197 15.274 16.369 15.239 17.892 18.171 13.451 18.086 18.566 18.13 18.698 16.792 15.18 16.947 17.491 15.774 16.431 15.261 15.792 15.594 15.592 16.185 15.905 16.509 16.889 16.513 16.552 18.025 17.124 16.782 16.933 16.474 18.3 17.071 14.263 15.881 15.921 18.44 17.319 16.142 16.445 15.139 17.944 15.863 15.643 17.249 17.504 15.865 17.104 15.167 18.19 16.495 17.726 18.905 17.313 18.565 15.03 15.978 16.964 86.512
