85.089 15.025 14.234 16.485 15.599 13.695 14.021 15.452 15.307 18.087 13.513 15.67 15.692 16.035 15.497 14.618 16.293 16.726 14.501 14.713 18.283 14.626 16.469 15.894 16.962 16.551 13.863 15.822 16.341 14.649 15.906 15.251 15.601 14.881 15.857 16.693 15.258 15.068 15.35 14.476 15.589 15.056 17.262 14.88 16.089 14.446 14.004 18.182 15.817 17.599 14.984 15.583 16.974 14.874 15.928 15.222 14.392 15.997 16.169 17.304 16.446 14.434 14.081 16.78 15.168 15.951
15.025 87.357 14.364 17.908 16.39 14.473 14.987 17.482 16.113 18.562 15.862 15.626 16.743 16.737 15.633 14.359 17.039 15.958 16.021 15.447 17.285 16.18 16.499 17.036 17.806 16.864 15.716 17.03 15.67 15.104 15.998 15.121 17.218 15.842 17.839 16.551 15.566 16.391 16.293 14.739 15.985 15.813 18.708 14.669 15.883 14.961 15.449 17.039 15.856 16.375 16.153 15.921 17.429 15.067 16.971 15.319 15.134 16.322 15.294 18.849 17.459 15.336 14.86 16.99 14.511 16.971
14.234 14.364 86.602 16.464 16.054 14.471 14.951 17.189 14.139 18.188 13.952 14.615 15.074 15.419 16.61 14.971 16.178 15.144 14.667 13.925 17.124 14.948 15.71 14.463 16.086 17.796 14.098 15.805 15.58 15.503 14.875 13.951 16.469 14.758 15.979 15.187 15.458 15.72 14.442 15.056 15.729 14.407 17.695 14.208 16.233 15.381 14.796 17.9 16.148 16.707 14.947 15.796 17.401 14.121 14.448 14.246 15.991 15.378 16.315 16.892 15.811 15.381 14.465 15.225 13.515 17.137
16.485 17.908 16.464 90.985 18.622 17.221 16.415 19.041 16.333 20.917 16.898 18.918 17.943 18.258 19.665 15.711 18.282 19.178 17.531 18.945 20.208 17.511 19.586 19.883 18.324 21.844 16.703 17.873 18.078 16.249 17.258 17.722 19.217 18.809 19.011 17.039 18.017 19.385 18.139 17.528 18.24 18.96 21.034 17.882 17.892 18.718 17.11 20.117 18.302 18.325 19.887 18.71 18.646 16.459 18.614 17.106 17.664 18.605 19.109 18.774 19.348 18.059 17.623 18.358 16.833 19.359
15.599 16.39 16.054 18.622 90.691 17.196 17.183 17.883 17.899 20.729 16.417 16.754 16.413 17.387 17.42 15.532 19.747 18.851 16.962 15.553 19.611 17.83 17.502 17.965 17.753 19.458 16.124 18.147 16.893 16.641 17.469 17.194 17.346 15.908 19.751 17.557 17.972 16.84 18.093 18.306 17.36 18.177 20.763 17.876 17.495 17.074 15.711 19.408 18.428 19.881 17.722 17.994 18.522 16.664 18.504 17.371 17.807 17.622 19.36 20.552 19.811 16.441 17.438 16.183 17.439 19.193
13.695 14.473 14.471 17.221 17.196 85.901 15.117 16.461 14.206 19.28 13.942 15.092 14.396 15.821 16.373 12.423 15.439 16.944 15.2 13.557 16.276 15.8 15.958 16.245 16.194 17.009 14.316 16.099 13.86 15.643 14.944 15.838 16.078 14.657 17.585 14.716 14.633 15.078 15.264 14.664 15.771 14.994 18.445 14.793 15.841 15.493 14.307 16.705 17.026 16.381 15.515 16.287 15.534 15.261 15.78 13.732 15.972 15.082 16.478 18.748 16.382 14.333 14.273 14.334 14.619 17.075
14.021 14.987 14.951 16.415 17.183 15.117 86.401 17.216 16.15 18.428 15.394 14.12 15.192 15.59 16.084 12.931 15.074 16.266 15.906 14.641 17.358 15.763 16.087 16.703 17.013 16.97 14.866 16.518 15.397 15.246 14.246 15.192 15.663 16.155 17.632 15.62 14.671 16.188 16.713 16.659 15.242 14.962 18.719 16.281 15.889 15.209 14.366 17.667 16.057 17.218 15.79 16.372 16.554 15.083 16.681 14.443 15.447 16.118 16.442 18.665 16.623 13.986 15.399 14.697 15.093 17.036
15.452 17.482 17.189 19.041 17.883 16.461 17.216 88.694 16.319 20.926 16.45 16.496 16.574 17.39 16.715 14.448 17.185 17.07 16.482 16.64 19.241 16.675 17.65 18.129 17.106 18.542 17.038 17.482 16.845 15.823 15.983 16.884 18.582 16.448 18.611 18.169 16.433 17.431 16.919 16.672 18.498 17.499 19.518 15.6 17.149 15.568 17.306 18.65 16.636 17.112 17.653 16.478 18.721 16.421 17.198 14.548 16.392 17.149 17.171 18.925 17.632 16.713 14.686 16.858 16.181 18.426
15.307 16.113 14.139 16.333 17.899 14.206 16.15 16.319 87.476 18.806 13.895 15.038 16.139 15.232 15.748 14.39 16.852 16.579 16.269 14.806 19.113 15.995 16.321 16.405 16.858 17.651 14.541 16.999 17.309 15.135 16.859 14.916 17.428 15.177 17.613 16.377 15.666 16.516 16.34 15.859 16.104 16.729 17.796 16.507 15.629 14.582 15.09 18.436 16.638 18.735 16.803 16.072 17.341 13.697 17.295 16.837 15.664 15.571 16.706 18.745 16.303 15.327 15.267 16.895 15.935 16.976
18.087 18.562 18.188 20.917 20.729 19.28 18.428 20.926 18.806 93.093 17.347 19.218 19.501 19.193 20.365 17.382 20.223 21.168 18.42 18.363 21.526 19.117 19.347 20.546 20.915 21.064 17.141 19.928 18.939 18.02 19.918 19.637 19.974 19.119 20.263 19.226 19.471 19.132 18.418 19.008 19.652 18.356 22.229 19.132 19.577 19.567 19.816 21.725 20.698 21.126 19.545 18.333 20.626 17.701 19.085 17.702 19.506 18.461 20.51 22.438 21.313 17.543 18.571 19.574 18.736 20.725
13.513 15.862 13.952 16.898 16.417 13.942 15.394 16.45 13.895 17.347 85.794 14.754 15.249 15.098 14.758 13.105 16.273 16.894 15.4 14.875 16.788 15.512 16.185 16.975 17.742 17.187 14.675 15.965 15.303 15.037 14.444 14.852 16.126 15.269 16.849 16.331 14.926 16.502 14.725 15.822 15.133 14.477 17.456 15.008 15.451 14.76 14.463 17.414 16.051 16.415 15.506 16.476 17.627 15.924 16.616 13.385 14.838 15.76 15.959 18.344 16.488 15.579 15.49 15.144 14.787 14.477
15.67 15.626 14.615 18.918 16.754 15.092 14.12 16.496 15.038 19.218 14.754 86.318 16.516 16.307 16.913 14.569 15.536 18.172 16.119 15.948 18.581 15.807 17.167 15.999 17.358 18.085 13.932 16.069 17.165 15.464 15.955 15.318 17.349 15.602 17.126 15.977 16.452 16.44 15.846 14.81 16.937 15.313 16.92 15.004 16.066 15.487 14.87 17.97 16.104 17.439 16.074 16.114 16.071 14.883 15.627 14.345 16.156 16.712 16.785 17.298 17.445 16.084 15.726 16.274 15.156 16.105
15.692 16.743 15.074 17.943 16.413 14.396 15.192 16.574 16.139 19.501 15.249 16.516 88.581 15.807 16.624 15.036 15.412 16.532 16.138 15.757 18.122 16.27 16.008 16.278 18.098 18.712 14.835 17.885 17.842 16.613 16.588 14.957 16.413 15.592 17.794 16.623 16.411 15.828 16.315 15.378 15.326 14.558 19.428 17.86 15.162 16.253 15.327 19.293 16.291 17.901 16.508 15.922 17.746 15.19 16.101 15.764 14.036 15.853 15.413 18.456 17.131 13.996 15.974 16.905 15.787 16.488
16.035 16.737 15.419 18.258 17.387 15.821 15.59 17.39 15.232 19.193 15.098 16.307 15.807 88.243 17.407 15.667 18.301 19.132 15.718 16.342 20.019 15.472 18.277 16.719 17.843 18.974 16.394 17.845 16.078 16.536 16.235 16.688 17.325 15.798 17.599 18.041 16.156 17.753 16.845 17.082 17.451 15.708 19.217 15.587 17.229 15.779 14.813 18.025 16.403 19.53 16.004 15.637 17.672 16.33 16.998 15.193 15.965 16.527 17.511 19.348 18.017 16.377 16.598 17.055 15.937 17.324
15.497 15.633 16.61 19.665 17.42 16.373 16.084 16.715 15.748 20.365 14.758 16.913 16.624 17.407 88.121 14.272 15.956 18.291 15.595 17.078 19.875 16.765 16.83 17.42 17.818 19.3 16.297 17.475 16.156 15.654 17.062 15.918 16.196 17.128 17.322 15.96 15.562 17.999 17.478 16.295 17.036 16.267 18.855 16.455 17.501 17.692 15.585 19.414 18.047 19.315 17.221 16.996 17.236 15.399 17.626 15.541 16.146 16.785 18.287 18.476 18.185 16.547 17.257 17.647 16.189 18.026
14.618 14.359 14.971 15.711 15.532 12.423 12.931 14.448 14.39 17.382 13.105 14.569 15.036 15.667 14.272 85.227 15.969 15.809 15.534 14.105 15.958 15.517 14.301 14.162 16.123 16.54 13.874 14.85 15.492 14.39 16.017 14.451 16.057 14.534 16.812 15.991 16.252 15.655 14.553 14.886 14.862 13.989 17.2 13.988 14.84 14.099 14.136 16.47 13.351 17.894 15.261 14.573 15.773 13.154 14.549 14.435 14.172 14.11 14.945 17.158 16.019 14.754 14.242 14.721 13.533 14.924
16.293 17.039 16.178 18.282 19.747 15.439 15.074 17.185 16.852 20.223 16.273 15.536 15.412 18.301 15.956 15.969 89.275 17.869 16.081 16.49 18.785 17.765 17.232 18.214 17.993 18.274 15.852 17.992 16.374 16.627 17.17 16.061 17.116 16.035 18.889 18.808 17.993 17.076 16.189 16.502 17.379 17.185 19.022 15.586 16.987 16.524 15.488 18.988 16.828 19.106 16.15 15.898 18.678 15.845 16.801 16.208 16.674 17.834 18.285 19.333 18.025 16.251 16.492 17.619 16.441 18.244
16.726 15.958 15.144 19.178 18.851 16.944 16.266 17.07 16.579 21.168 16.894 18.172 16.532 19.132 18.291 15.809 17.869 89.157 17.161 16.569 19.522 17.508 18.179 18.085 19.786 19.685 15.677 17.362 17.034 16.485 17.439 17.048 18.396 16.692 17.562 17.812 17.706 17.744 17.167 17.256 17.877 16.29 21.228 17.348 17.346 17.363 16.089 20.082 18.397 19.97 16.957 17.156 18.699 16.439 17.16 16.817 17.199 17.309 18.551 20.466 19.587 17.177 18.286 17.362 17.071 18.457
14.501 16.021 14.667 17.531 16.962 15.2 15.906 16.482 16.269 18.42 15.4 16.119 16.138 15.718 15.595 15.534 16.081 17.161 87.255 15.23 17.745 16.321 16.123 16.537 18.424 18.054 14.481 16.453 17.297 16.193 16.366 15.383 17.313 15.015 18.299 16.961 16.13 17.052 15.612 15.475 15.437 16.353 17.818 16.637 15.71 14.724 15.491 16.807 15.984 17.737 16.868 17.36 17.247 15.792 16.083 14.185 16.173 16.095 16.835 18.91 16.477 15.825 15.403 16.378 14.824 16.742
14.713 15.447 13.925 18.945 15.553 13.557 14.641 16.64 14.806 18.363 14.875 15.948 15.757 16.342 17.078 14.105 16.49 16.569 15.23 86.548 18.26 15.032 17.367 17.182 16.686 18.739 15.547 15.026 15.702 14.837 15.983 15 16.327 16.061 16.602 17.053 16.348 17.193 15.868 16.079 17.004 15.248 18.222 15.005 14.461 15.827 15.309 17.419 16.127 17.613 16.847 14.928 15.334 15.664 15.788 14.708 15.326 16.861 16.641 16.469 16.44 15.717 15.448 16.118 15.126 16.343
18.283 17.285 17.124 20.208 19.611 16.276 17.358 19.241 19.113 21.526 16.788 18.581 18.122 20.019 19.875 15.958 18.785 19.522 17.745 18.26 93.26 18.61 20.189 18.781 19.559 21.056 17.378 19.814 18.607 17.17 18.523 17.68 19.914 18.482 19.723 18.839 18.087 19.706 17.917 18.755 20.208 19.066 20.562 17.468 18.921 18.039 17.848 20.713 20.246 20.714 20.316 18.771 20.579 18.468 19.547 17.33 17.21 18.318 19.993 21.296 19.409 18.202 17.289 19.702 18.507 19.593
14.626 16.18 14.948 17.511 17.83 15.8 15.763 16.675 15.995 19.117 15.512 15.807 16.27 15.472 16.765 15.517 17.765 17.508 16.321 15.032 18.61 88.687 15.844 18.334 17.815 18.204 15.277 17.11 17.029 16.631 16.608 15.899 16.261 17.008 18.833 17.674 16.47 16.835 16.928 15.716 18.38 16.007 19.701 15.656 16.959 17.003 16.839 18.153 16.701 17.759 16.561 16.346 17.869 15.565 16.864 15.711 15.545 16.54 16.562 19.284 17.284 16.387 15.691 17.005 15.47 17.798
16.469 16.499 15.71 19.586 17.502 15.958 16.087 17.65 16.321 19.347 16.185 17.167 16.008 18.277 16.83 14.301 17.232 18.179 16.123 17.367 20.189 15.844 87.569 17.563 18.534 20.716 16.048 16.101 17.279 15.784 16.61 16.104 18.32 16.318 16.958 17.026 16.827 17.382 16.557 16.206 18.773 16.576 18.866 16.42 16.681 16.889 16.64 18.158 17.816 18.22 18.062 17.921 17.955 16.463 17.063 15.878 17.48 18.76 18.176 18.938 16.968 15.567 15.893 16.729 15.815 16.581
15.894 17.036 14.463 19.883 17.965 16.245 16.703 18.129 16.405 20.546 16.975 15.999 16.278 16.719 17.42 14.162 18.214 18.085 16.537 17.182 18.781 18.334 17.563 89.362 19.009 19.519 17.219 16.736 17.03 16.662 16.391 16.487 16.661 17.326 18.196 18.749 17.005 17.476 17.033 16.611 17.642 18.109 21.193 16.225 17.905 16.521 17.478 19.289 18.521 17.981 17.02 16.957 18.326 17.135 17.079 15.71 16.218 18.145 17.242 18.995 18.538 17.018 15.35 17.91 15.718 18.679
16.962 17.806 16.086 18.324 17.753 16.194 17.013 17.106 16.858 20.915 17.742 17.358 18.098 17.843 17.818 16.123 17.993 19.786 18.424 16.686 19.559 17.815 18.534 19.009 90.665 20.696 15.543 18.008 17.422 17.692 17.807 16.464 18.109 17.822 18.433 17.822 18.496 18.717 17.653 16.528 18.352 16.473 20.263 17.453 17.415 17.489 17.308 19.691 18.361 19.334 17.449 17.382 18.924 17.36 17.408 16.445 17.436 18.296 18.309 20.587 19.819 16.719 17.201 17.937 17.019 17.703
16.551 16.864 17.796 21.844 19.458 17.009 16.97 18.542 17.651 21.064 17.187 18.085 18.712 18.974 19.3 16.54 18.274 19.685 18.054 18.739 21.056 18.204 20.716 19.519 20.696 92.285 17.425 18.048 19.032 17.955 17.386 17.827 18.706 18.4 20.165 19.13 19.149 18.622 19.467 18.252 19.238 18.105 21.013 18.493 19.657 20.116 18.831 20.263 18.763 19.699 19.124 18.3 19.78 17.17 18.131 18.034 18.292 18.87 19.554 20.96 19.092 17.78 18.751 17.954 17.528 18.116
13.863 15.716 14.098 16.703 16.124 14.316 14.866 17.038 14.541 17.141 14.675 13.932 14.835 16.394 16.297 13.874 15.852 15.677 14.481 15.547 17.378 15.277 16.048 17.219 15.543 17.425 85.736 15.513 14.272 14.601 14.522 14.104 15.216 14.736 17.603 16.878 14.849 15.211 16.368 15.067 16.607 15.591 17.48 14.111 15.368 14.453 15.479 16.677 15.678 17.385 15.377 15.715 17.112 15.547 15.771 14.293 15.347 15.271 15.792 16.573 15.736 15.112 14.701 15.661 15.778 16.156
15.822 17.03 15.805 17.873 18.147 16.099 16.518 17.482 16.999 19.928 15.965 16.069 17.885 17.845 17.475 14.85 17.992 17.362 16.453 15.026 19.814 17.11 16.101 16.736 18.008 18.048 15.513 88.714 16.545 16.503 16.645 17.158 16.638 16.904 18.137 16.922 15.767 16.844 17.074 16.91 16.309 17.151 18.322 16.585 17.338 16.286 14.178 18.138 17.356 18.622 15.906 16.878 18.586 16.13 16.711 15.964 14.461 16.225 16.663 20.167 18.23 15.574 17.218 18.191 16.268 17.542
16.341 15.67 15.58 18.078 16.893 13.86 15.397 16.845 17.309 18.939 15.303 17.165 17.842 16.078 16.156 15.492 16.374 17.034 17.297 15.702 18.607 17.029 17.279 17.03 17.422 19.032 14.272 16.545 88.567 15.297 16.581 16.205 17.544 16.267 17.46 17.189 16.844 17.471 15.949 16.968 16.977 16.703 17.699 16.553 17.159 15.344 15.91 18.453 16.945 19.024 15.961 17.225 17.389 15.356 16.334 16.781 16.462 16.874 16.424 19.198 17.148 16.487 16.139 17.165 14.608 16.101
14.649 15.104 15.503 16.249 16.641 15.643 15.246 15.823 15.135 18.02 15.037 15.464 16.613 16.536 15.654 14.39 16.627 16.485 16.193 14.837 17.17 16.631 15.784 16.662 17.692 17.955 14.601 16.503 15.297 86.968 15.386 14.417 16.171 14.996 17.706 15.819 15.996 16.62 16.636 14.497 15.917 14.392 17.666 15.582 15.879 15.4 14.252 18.309 16.154 17.069 15.906 15.45 16.995 15.652 17.101 14.669 15.735 16.576 14.771 17.963 17.554 14.979 15.522 15.056 14.948 16.029
15.906 15.998 14.875 17.258 17.469 14.944 14.246 15.983 16.859 19.918 14.444 15.955 16.588 16.235 17.062 16.017 17.17 17.439 16.366 15.983 18.523 16.608 16.61 16.391 17.807 17.386 14.522 16.645 16.581 15.386 87.973 16.179 17.161 16.149 17.386 16.753 16.215 15.983 16.948 15.905 17.7 15.877 18.813 15.731 15.775 16.416 14.858 19.198 16.458 19.555 16.314 17.255 18.242 14.687 15.897 16.12 15.922 16.685 17.486 18.274 17.217 16.345 15.23 18.314 15.281 17.012
15.251 15.121 13.951 17.722 17.194 15.838 15.192 16.884 14.916 19.637 14.852 15.318 14.957 16.688 15.918 14.451 16.061 17.048 15.383 15 17.68 15.899 16.104 16.487 16.464 17.827 14.104 17.158 16.205 14.417 16.179 86.814 15.409 16.774 16.63 16.474 16.03 15.113 16.263 16.865 15.988 17.117 18.132 15.151 16.614 16.419 15.906 16.606 14.879 16.949 16.432 16.03 15.949 14.672 16.575 14.201 15.28 15.438 16.069 19.584 16.956 15.292 15.012 16.304 13.588 15.499
15.601 17.218 16.469 19.217 17.346 16.078 15.663 18.582 17.428 19.974 16.126 17.349 16.413 17.325 16.196 16.057 17.116 18.396 17.313 16.327 19.914 16.261 18.32 16.661 18.109 18.706 15.216 16.638 17.544 16.171 17.161 15.409 88.953 16.961 18.633 15.917 16.806 18.173 16.747 16.489 17.914 16.853 18.796 16.929 16.284 15.293 16.868 18.179 17.958 18.952 18.325 18.177 18.44 16.469 17.882 15.773 17.322 17.179 17.376 18.246 17.908 17.433 15.349 16.752 15.411 17.402
14.881 15.842 14.758 18.809 15.908 14.657 16.155 16.448 15.177 19.119 15.269 15.602 15.592 15.798 17.128 14.534 16.035 16.692 15.015 16.061 18.482 17.008 16.318 17.326 17.822 18.4 14.736 16.904 16.267 14.996 16.149 16.774 16.961 86.518 17.588 15.982 15.867 17.691 17.355 16.533 15.856 16.35 17.879 15.131 16.863 16.234 14.768 18.559 15.686 16.398 16.642 16.377 17.078 14.874 16.049 14.097 15.021 15.542 15.599 17.945 16.277 16.244 15.441 16.355 13.896 16.861
15.857 17.839 15.979 19.011 19.751 17.585 17.632 18.611 17.613 20.263 16.849 17.126 17.794 17.599 17.322 16.812 18.889 17.562 18.299 16.602 19.723 18.833 16.958 18.196 18.433 20.165 17.603 18.137 17.46 17.706 17.386 16.63 18.633 17.588 90.203 19.277 17.677 18.041 18.854 17.536 17.466 17.451 20.22 16.999 18.634 17.206 16.304 19.117 17.757 19.319 18.545 18.775 19.238 17.278 18.258 15.17 16.982 17.266 18.54 20.917 18.898 17.541 17.67 17.28 17.525 18.52
16.693 16.551 15.187 17.039 17.557 14.716 15.62 18.169 16.377 19.226 16.331 15.977 16.623 18.041 15.96 15.991 18.808 17.812 16.961 17.053 18.839 17.674 17.026 18.749 17.822 19.13 16.878 16.922 17.189 15.819 16.753 16.474 15.917 15.982 19.277 88.984 17.706 16.452 17.137 16.534 17.891 15.705 18.849 15.057 18.164 15.858 15.97 19.535 16.447 18.99 15.889 15.377 18.493 16.459 16.199 14.742 14.803 17.088 18.257 19.263 16.747 16.364 15.047 17.661 14.563 18.064
15.258 15.566 15.458 18.017 17.972 14.633 14.671 16.433 15.666 19.471 14.926 16.452 16.411 16.156 15.562 16.252 17.993 17.706 16.13 16.348 18.087 16.47 16.827 17.005 18.496 19.149 14.849 15.767 16.844 15.996 16.215 16.03 16.806 15.867 17.677 17.706 86.705 16.348 16.338 16.142 17.397 15.982 19.114 14.744 15.783 16.253 15.982 18.754 15.752 18.473 16.259 15.622 16.027 14.989 16.137 16.097 16.508 16.524 15.848 18.143 18.687 15.678 15.664 16.276 14.168 17.805
15.068 16.391 15.72 19.385 16.84 15.078 16.188 17.431 16.516 19.132 16.502 16.44 15.828 17.753 17.999 15.655 17.076 17.744 17.052 17.193 19.706 16.835 17.382 17.476 18.717 18.622 15.211 16.844 17.471 16.62 15.983 15.113 18.173 17.691 18.041 16.452 16.348 88.193 16.769 16.911 16.607 17.315 18.943 16.203 17.009 14.564 15.062 18.589 16.981 18.168 17.305 17.391 17.486 16.299 18.142 15.214 16.993 16.891 17.384 19.032 17.663 17.897 16.577 16.365 14.768 17.295
15.35 16.293 14.442 18.139 18.093 15.264 16.713 16.919 16.34 18.418 14.725 15.846 16.315 16.845 17.478 14.553 16.189 17.167 15.612 15.868 17.917 16.928 16.557 17.033 17.653 19.467 16.368 17.074 15.949 16.636 16.948 16.263 16.747 17.355 18.854 17.137 16.338 16.769 87.394 16.002 16.19 15.448 18.803 16.653 17.213 16.533 14.474 18.411 15.52 18.234 16.009 16.827 16.782 15.295 17.339 15.262 15.757 16.449 16.593 18.238 17.283 15.638 16.099 15.655 14.945 17.051
14.476 14.739 15.056 17.528 18.306 14.664 16.659 16.672 15.859 19.008 15.822 14.81 15.378 17.082 16.295 14.886 16.502 17.256 15.475 16.079 18.755 15.716 16.206 16.611 16.528 18.252 15.067 16.91 16.968 14.497 15.905 16.865 16.489 16.533 17.536 16.534 16.142 16.911 16.002 86.655 15.951 16.777 19.002 15.959 16.299 15.308 14.461 18.245 16.959 18.324 15.685 16.565 16.958 16.373 16.659 15.47 14.583 15.708 17.169 18.763 17.038 15.882 15.895 16.73 15.152 16.593
15.589 15.985 15.729 18.24 17.36 15.771 15.242 18.498 16.104 19.652 15.133 16.937 15.326 17.451 17.036 14.862 17.379 17.877 15.437 17.004 20.208 18.38 18.773 17.642 18.352 19.238 16.607 16.309 16.977 15.917 17.7 15.988 17.914 15.856 17.466 17.891 17.397 16.607 16.19 15.951 88.126 16.743 18.534 15.016 16.064 17.355 17.31 18.054 17.753 18.46 17.131 16.644 17.739 15.598 17.185 16.671 17.065 18.275 17.509 18.006 17.56 17.004 15.136 17.559 16.137 17.621
15.056 15.813 14.407 18.96 18.177 14.994 14.962 17.499 16.729 18.356 14.477 15.313 14.558 15.708 16.267 13.989 17.185 16.29 16.353 15.248 19.066 16.007 16.576 18.109 16.473 18.105 15.591 17.151 16.703 14.392 15.877 17.117 16.853 16.35 17.451 15.705 15.982 17.315 15.448 16.777 16.743 88.227 18.505 15.562 16.07 14.896 15.396 16.92 16.702 16.854 17.328 17.764 17.722 15.503 17.372 15.059 15.043 16.105 16.055 18.12 17.172 16.955 15.335 17.348 14.053 16.164
17.262 18.708 17.695 21.034 20.763 18.445 18.719 19.518 17.796 22.229 17.456 16.92 19.428 19.217 18.855 17.2 19.022 21.228 17.818 18.222 20.562 19.701 18.866 21.193 20.263 21.013 17.48 18.322 17.699 17.666 18.813 18.132 18.796 17.879 20.22 18.849 19.114 18.943 18.803 19.002 18.534 18.505 93.311 19.039 17.971 18.713 18.007 21.238 19.938 20.995 18.795 19.121 19.424 18.193 17.869 18.237 18.237 19.085 19.083 21.854 21.073 17.923 17.415 18.185 17.574 21.065
14.88 14.669 14.208 17.882 17.876 14.793 16.281 15.6 16.507 19.132 15.008 15.004 17.86 15.587 16.455 13.988 15.586 17.348 16.637 15.005 17.468 15.656 16.42 16.225 17.453 18.493 14.111 16.585 16.553 15.582 15.731 15.151 16.929 15.131 16.999 15.057 14.744 16.203 16.653 15.959 15.016 15.562 19.039 86.761 15.171 15.552 14.579 17.332 17.524 17.399 16.593 16.31 17.152 15.056 16.832 15.674 14.655 15.524 17.561 18.494 16.774 14.093 16.068 15.78 16.032 15.5
16.089 15.883 16.233 17.892 17.495 15.841 15.889 17.149 15.629 19.577 15.451 16.066 15.162 17.229 17.501 14.84 16.987 17.346 15.71 14.461 18.921 16.959 16.681 17.905 17.415 19.657 15.368 17.338 17.159 15.879 15.775 16.614 16.284 16.863 18.634 18.164 15.783 17.009 17.213 16.299 16.064 16.07 17.971 15.171 86.954 15.912 15.794 18.486 17.253 18.726 15.654 16.891 18.427 15.939 16.614 15.296 14.954 16.566 17.73 20.004 17.666 16.31 16.623 16.811 15.567 17.699
14.446 14.961 15.381 18.718 17.074 15.493 15.209 15.568 14.582 19.567 14.76 15.487 16.253 15.779 17.692 14.099 16.524 17.363 14.724 15.827 18.039 17.003 16.889 16.521 17.489 20.116 14.453 16.286 15.344 15.4 16.416 16.419 15.293 16.234 17.206 15.858 16.253 14.564 16.533 15.308 17.355 14.896 18.713 15.552 15.912 86.904 15.82 18.374 16.76 16.703 16.924 16.107 16.777 14.884 15.979 15.172 15.88 16.816 17.212 18.303 16.784 14.636 16.031 16.404 15.755 15.962
14.004 15.449 14.796 17.11 15.711 14.307 14.366 17.306 15.09 19.816 14.463 14.87 15.327 14.813 15.585 14.136 15.488 16.089 15.491 15.309 17.848 16.839 16.64 17.478 17.308 18.831 15.479 14.178 15.91 14.252 14.858 15.906 16.868 14.768 16.304 15.97 15.982 15.062 14.474 14.461 17.31 15.396 18.007 14.579 15.794 15.82 86.547 16.441 15.853 17.27 17.01 15.044 16.744 14.814 16.335 14.478 16.861 16.045 15.96 17.626 16.539 14.983 14.149 15.609 15.021 16.331
18.182 17.039 17.9 20.117 19.408 16.705 17.667 18.65 18.436 21.725 17.414 17.97 19.293 18.025 19.414 16.47 18.988 20.082 16.807 17.419 20.713 18.153 18.158 19.289 19.691 20.263 16.677 18.138 18.453 18.309 19.198 16.606 18.179 18.559 19.117 19.535 18.754 18.589 18.411 18.245 18.054 16.92 21.238 17.332 18.486 18.374 16.441 90.743 19.252 20.617 18.685 18.228 20.291 17.736 18.92 17.754 17.168 18.403 19.505 20.151 19.005 17.812 17.199 18.814 17.115 20.259
15.817 15.856 16.148 18.302 18.428 17.026 16.057 16.636 16.638 20.698 16.051 16.104 16.291 16.403 18.047 13.351 16.828 18.397 15.984 16.127 20.246 16.701 17.816 18.521 18.361 18.763 15.678 17.356 16.945 16.154 16.458 14.879 17.958 15.686 17.757 16.447 15.752 16.981 15.52 16.959 17.753 16.702 19.938 17.524 17.253 16.76 15.853 19.252 89.028 19.561 17.319 17.479 18.841 17.704 17.569 16.647 16.891 17.256 18.319 18.823 18.137 16.077 16.229 17.196 16.496 17.703
17.599 16.375 16.707 18.325 19.881 16.381 17.218 17.112 18.735 21.126 16.415 17.439 17.901 19.53 19.315 17.894 19.106 19.97 17.737 17.613 20.714 17.759 18.22 17.981 19.334 19.699 17.385 18.622 19.024 17.069 19.555 16.949 18.952 16.398 19.319 18.99 18.473 18.168 18.234 18.324 18.46 16.854 20.995 17.399 18.726 16.703 17.27 20.617 19.561 92.015 17.517 18.505 18.75 17.714 18.561 18.437 18.412 18.129 19.092 20.329 20.198 18.091 19.035 18.59 18.932 18.958
14.984 16.153 14.947 19.887 17.722 15.515 15.79 17.653 16.803 19.545 15.506 16.074 16.508 16.004 17.221 15.261 16.15 16.957 16.868 16.847 20.316 16.561 18.062 17.02 17.449 19.124 15.377 15.906 15.961 15.906 16.314 16.432 18.325 16.642 18.545 15.889 16.259 17.305 16.009 15.685 17.131 17.328 18.795 16.593 15.654 16.924 17.01 18.685 17.319 17.517 88.538 17.45 17.864 15.763 18.5 15.796 15.688 16.319 18.472 18.346 17.891 16.115 15.357 16.035 16.227 16.801
15.583 15.921 15.796 18.71 17.994 16.287 16.372 16.478 16.072 18.333 16.476 16.114 15.922 15.637 16.996 14.573 15.898 17.156 17.36 14.928 18.771 16.346 17.921 16.957 17.382 18.3 15.715 16.878 17.225 15.45 17.255 16.03 18.177 16.377 18.775 15.377 15.622 17.391 16.827 16.565 16.644 17.764 19.121 16.31 16.891 16.107 15.044 18.228 17.479 18.505 17.45 88.662 17.502 16.377 16.64 14.952 16.803 17.294 16.85 19.057 17.17 17.284 16.273 17.445 15.361 17.696
16.974 17.429 17.401 18.646 18.522 15.534 16.554 18.721 17.341 20.626 17.627 16.071 17.746 17.672 17.236 15.773 18.678 18.699 17.247 15.334 20.579 17.869 17.955 18.326 18.924 19.78 17.112 18.586 17.389 16.995 18.242 15.949 18.44 17.078 19.238 18.493 16.027 17.486 16.782 16.958 17.739 17.722 19.424 17.152 18.427 16.777 16.744 20.291 18.841 18.75 17.864 17.502 89.692 16.716 18.4 16.548 16.436 16.606 18.583 20.102 18.514 17.074 17.233 17.83 17.457 17.671
14.874 15.067 14.121 16.459 16.664 15.261 15.083 16.421 13.697 17.701 15.924 14.883 15.19 16.33 15.399 13.154 15.845 16.439 15.792 15.664 18.468 15.565 16.463 17.135 17.36 17.17 15.547 16.13 15.356 15.652 14.687 14.672 16.469 14.874 17.278 16.459 14.989 16.299 15.295 16.373 15.598 15.503 18.193 15.056 15.939 14.884 14.814 17.736 17.704 17.714 15.763 16.377 16.716 86.144 16.765 13.736 14.83 16.428 17.104 17.94 15.977 14.715 15.507 16.234 15.653 15.76
15.928 16.971 14.448 18.614 18.504 15.78 16.681 17.198 17.295 19.085 16.616 15.627 16.101 16.998 17.626 14.549 16.801 17.16 16.083 15.788 19.547 16.864 17.063 17.079 17.408 18.131 15.771 16.711 16.334 17.101 15.897 16.575 17.882 16.049 18.258 16.199 16.137 18.142 17.339 16.659 17.185 17.372 17.869 16.832 16.614 15.979 16.335 18.92 17.569 18.561 18.5 16.64 18.4 16.765 88.977 16.561 16.321 16.846 17.694 19.534 18.428 15.67 16.631 16.084 15.912 16.99
15.222 15.319 14.246 17.106 17.371 13.732 14.443 14.548 16.837 17.702 13.385 14.345 15.764 15.193 15.541 14.435 16.208 16.817 14.185 14.708 17.33 15.711 15.878 15.71 16.445 18.034 14.293 15.964 16.781 14.669 16.12 14.201 15.773 14.097 15.17 14.742 16.097 15.214 15.262 15.47 16.671 15.059 18.237 15.674 15.296 15.172 14.478 17.754 16.647 18.437 15.796 14.952 16.548 13.736 16.561 86.005 15 15.756 16.288 17.421 17.828 14.4 15.848 15.788 15.735 16.487
14.392 15.134 15.991 17.664 17.807 15.972 15.447 16.392 15.664 19.506 14.838 16.156 14.036 15.965 16.146 14.172 16.674 17.199 16.173 15.326 17.21 15.545 17.48 16.218 17.436 18.292 15.347 14.461 16.462 15.735 15.922 15.28 17.322 15.021 16.982 14.803 16.508 16.993 15.757 14.583 17.065 15.043 18.237 14.655 14.954 15.88 16.861 17.168 16.891 18.412 15.688 16.803 16.436 14.83 16.321 15 87.373 16.555 16.761 17.65 17.385 16.15 15.31 14.425 15.341 16.82
15.997 16.322 15.378 18.605 17.622 15.082 16.118 17.149 15.571 18.461 15.76 16.712 15.853 16.527 16.785 14.11 17.834 17.309 16.095 16.861 18.318 16.54 18.76 18.145 18.296 18.87 15.271 16.225 16.874 16.576 16.685 15.438 17.179 15.542 17.266 17.088 16.524 16.891 16.449 15.708 18.275 16.105 19.085 15.524 16.566 16.816 16.045 18.403 17.256 18.129 16.319 17.294 16.606 16.428 16.846 15.756 16.555 87.831 17.988 18.229 17.227 15.582 14.882 17.207 15.136 16.916
16.169 15.294 16.315 19.109 19.36 16.478 16.442 17.171 16.706 20.51 15.959 16.785 15.413 17.511 18.287 14.945 18.285 18.551 16.835 16.641 19.993 16.562 18.176 17.242 18.309 19.554 15.792 16.663 16.424 14.771 17.486 16.069 17.376 15.599 18.54 18.257 15.848 17.384 16.593 17.169 17.509 16.055 19.083 17.561 17.73 17.212 15.96 19.505 18.319 19.092 18.472 16.85 18.583 17.104 17.694 16.288 16.761 17.988 89.671 19.338 17.982 16.24 16.061 17.035 17.649 17.686
17.304 18.849 16.892 18.774 20.552 18.748 18.665 18.925 18.745 22.438 18.344 17.298 18.456 19.348 18.476 17.158 19.333 20.466 18.91 16.469 21.296 19.284 18.938 18.995 20.587 20.96 16.573 20.167 19.198 17.963 18.274 19.584 18.246 17.945 20.917 19.263 18.143 19.032 18.238 18.763 18.006 18.12 21.854 18.494 20.004 18.303 17.626 20.151 18.823 20.329 18.346 19.057 20.102 17.94 19.534 17.421 17.65 18.229 19.338 92.015 20.144 16.877 19.022 17.859 17.518 19.38
16.446 17.459 15.811 19.348 19.811 16.382 16.623 17.632 16.303 21.313 16.488 17.445 17.131 18.017 18.185 16.019 18.025 19.587 16.477 16.44 19.409 17.284 16.968 18.538 19.819 19.092 15.736 18.23 17.148 17.554 17.217 16.956 17.908 16.277 18.898 16.747 18.687 17.663 17.283 17.038 17.56 17.172 21.073 16.774 17.666 16.784 16.539 19.005 18.137 20.198 17.891 17.17 18.514 15.977 18.428 17.828 17.385 17.227 17.982 20.144 89.507 16.879 17.945 16.91 17.319 18.591
14.434 15.336 15.381 18.059 16.441 14.333 13.986 16.713 15.327 17.543 15.579 16.084 13.996 16.377 16.547 14.754 16.251 17.177 15.825 15.717 18.202 16.387 15.567 17.018 16.719 17.78 15.112 15.574 16.487 14.979 16.345 15.292 17.433 16.244 17.541 16.364 15.678 17.897 15.638 15.882 17.004 16.955 17.923 14.093 16.31 14.636 14.983 17.812 16.077 18.091 16.115 17.284 17.074 14.715 15.67 14.4 16.15 15.582 16.24 16.877 16.879 85.753 15.3 17.049 14.889 16.656
14.081 14.86 14.465 17.623 17.438 14.273 15.399 14.686 15.267 18.571 15.49 15.726 15.974 16.598 17.257 14.242 16.492 18.286 15.403 15.448 17.289 15.691 15.893 15.35 17.201 18.751 14.701 17.218 16.139 15.522 15.23 15.012 15.349 15.441 17.67 15.047 15.664 16.577 16.099 15.895 15.136 15.335 17.415 16.068 16.623 16.031 14.149 17.199 16.229 19.035 15.357 16.273 17.233 15.507 16.631 15.848 15.31 14.882 16.061 19.022 17.945 15.3 87.233 15.929 16.955 15.981
16.78 16.99 15.225 18.358 16.183 14.334 14.697 16.858 16.895 19.574 15.144 16.274 16.905 17.055 17.647 14.721 17.619 17.362 16.378 16.118 19.702 17.005 16.729 17.91 17.937 17.954 15.661 18.191 17.165 15.056 18.314 16.304 16.752 16.355 17.28 17.661 16.276 16.365 15.655 16.73 17.559 17.348 18.185 15.78 16.811 16.404 15.609 18.814 17.196 18.59 16.035 17.445 17.83 16.234 16.084 15.788 14.425 17.207 17.035 17.859 16.91 17.049 15.929 87.818 16.191 17.678
15.168 14.511 13.515 16.833 17.439 14.619 15.093 16.181 15.935 18.736 14.787 15.156 15.787 15.937 16.189 13.533 16.441 17.071 14.824 15.126 18.507 15.47 15.815 15.718 17.019 17.528 15.778 16.268 14.608 14.948 15.281 13.588 15.411 13.896 17.525 14.563 14.168 14.768 14.945 15.152 16.137 14.053 17.574 16.032 15.567 15.755 15.021 17.115 16.496 18.932 16.227 15.361 17.457 15.653 15.912 15.735 15.341 15.136 17.649 17.518 17.319 14.889 16.955 16.191 87.377 16.078
15.951 16.971 17.137 19.359 19.193 17.075 17.036 18.426 16.976 20.725 14.477 16.105 16.488 17.324 18.026 14.924 18.244 18.457 16.742 16.343 19.593 17.798 16.581 18.679 17.703 18.116 16.156 17.542 16.101 16.029 17.012 15.499 17.402 16.861 18.52 18.064 17.805 17.295 17.051 16.593 17.621 16.164 21.065 15.5 17.699 15.962 16.331 20.259 17.703 18.958 16.801 17.696 17.671 15.76 16.99 16.487 16.82 16.916 17.686 19.38 18.591 16.656 15.981 17.678 16.078 89.387
