22.196868 3.139781 4.085871 5.328075 4.803763 4.837595 3.792354 3.654460 4.769636 5.253028 3.748816 5.064110 4.142274 3.973904 5.007449 3.138956
3.139781 18.847813 2.787331 3.017734 2.309653 3.202042 2.132352 2.859329 2.410753 2.757297 1.878817 2.768323 2.636034 2.463851 3.201024 1.905392
4.085871 2.787331 21.227073 5.865495 3.896548 4.764673 4.501929 3.624091 4.680830 4.345120 3.565493 5.213139 4.587011 4.398258 4.089077 3.493843
5.328075 3.017734 5.865495 23.787336 4.702090 5.523470 5.255142 4.410904 5.750825 5.321291 4.600929 6.346100 5.190633 5.403906 5.015878 4.052832
4.803763 2.309653 3.896548 4.702090 20.931522 4.000975 3.690703 2.874639 4.303816 4.838982 2.913682 4.430648 3.007564 4.090921 3.944550 2.633254
4.837595 3.202042 4.764673 5.523470 4.000975 21.936736 3.847089 3.890572 4.549727 3.808497 3.642297 5.203722 4.210033 4.150069 5.262990 3.520917
3.792354 2.132352 4.501929 5.255142 3.690703 3.847089 21.285985 2.521954 3.588910 4.012933 2.580047 4.429444 4.021980 3.621532 3.471731 3.511460
3.654460 2.859329 3.624091 4.410904 2.874639 3.890572 2.521954 19.757586 3.445732 3.250146 3.187360 3.799018 2.973602 3.230995 3.710116 2.594637
4.769636 2.410753 4.680830 5.750825 4.303816 4.549727 3.588910 3.445732 21.824054 4.811678 3.653963 5.526676 4.425440 5.003440 4.236370 3.265732
5.253028 2.757297 4.345120 5.321291 4.838982 3.808497 4.012933 3.250146 4.811678 22.048243 3.329965 4.719405 3.961444 4.360566 3.938831 2.886096
3.748816 1.878817 3.565493 4.600929 2.913682 3.642297 2.580047 3.187360 3.653963 3.329965 20.208343 4.300881 3.237112 2.901111 3.265259 2.700108
5.064110 2.768323 5.213139 6.346100 4.430648 5.203722 4.429444 3.799018 5.526676 4.719405 4.300881 22.446015 4.964872 4.773321 5.053823 4.146744
4.142274 2.636034 4.587011 5.190633 3.007564 4.210033 4.021980 2.973602 4.425440 3.961444 3.237112 4.964872 21.607609 3.577626 3.759980 3.287648
3.973904 2.463851 4.398258 5.403906 4.090921 4.150069 3.621532 3.230995 5.003440 4.360566 2.901111 4.773321 3.577626 21.517849 3.666910 2.786551
5.007449 3.201024 4.089077 5.015878 3.944550 5.262990 3.471731 3.710116 4.236370 3.938831 3.265259 5.053823 3.759980 3.666910 21.383009 3.590983
3.138956 1.905392 3.493843 4.052832 2.633254 3.520917 3.511460 2.594637 3.265732 2.886096 2.700108 4.146744 3.287648 2.786551 3.590983 19.804324
